535
1 36 7
2 57 9
3 30 48
4 5 -3
5 34 -106
6 57 -2
7 16 -99
8 5 0
9 28 -13
10 8 38
11 12 45
12 -34 138
13 30 -9
14 56 12
15 36 -4
16 40 8
17 35 -3
18 41 8
19 -37 174
20 38 0
21 36 3
22 36 37
23 35 -101
24 31 35
25 52 4
26 61 -149
27 39 32
28 51 4
29 17 -61
30 43 13
31 29 35
32 59 17
33 15 38
34 -25 -57
35 23 32
36 37 23
37 33 -84
38 12 -70
39 24 54
40 36 30
41 26 50
42 40 50
43 39 -76
44 10 -74
45 -16 -52
46 10 45
47 41 2
48 32 -64
49 41 -72
50 40 17
51 44 20
52 9 34
53 32 20
54 52 13
55 48 -4
56 -19 3
57 33 35
58 54 -6
59 35 -101
60 4 18
61 13 -59
62 60 5
63 44 -68
64 33 44
65 45 9
66 33 -86
67 52 -1
68 42 9
69 45 -108
70 43 -1
71 13 -16
72 -3 29
73 13 100
74 12 -8
75 55 9
76 44 11
77 12 77
78 -15 34
79 27 56
80 -27 153
81 44 0
82 4 -74
83 50 -1
84 19 72
85 67 14
86 42 -71
87 53 8
88 41 16
89 46 7
90 51 -2
91 50 4
92 -15 -47
93 47 7
94 48 16
95 47 19
96 -34 -58
97 42 -78
98 44 26
99 49 2
100 -4 15
101 39 9
102 30 31
103 23 113
104 33 -7
105 -11 22
106 4 -52
107 52 0
108 -35 149
109 10 -66
110 22 88
111 52 -1
112 49 2
113 43 6
114 45 0
115 39 19
116 50 7
117 41 -87
118 41 12
119 9 -13
120 41 -81
121 3 -76
122 42 8
123 -28 145
124 7 79
125 40 -83
126 33 -7
127 48 7
128 44 28
129 45 0
130 6 2
131 55 12
132 -33 18
133 37 15
134 10 -75
135 -26 146
136 39 17
137 12 -68
138 39 -84
139 39 -84
140 51 -3
141 29 -81
142 23 90
143 14 42
144 32 -96
145 33 36
146 -6 39
147 42 18
148 -29 30
149 38 -77
150 28 77
151 39 -104
152 32 -96
153 26 50
154 47 5
155 33 10
156 14 -17
157 4 9
158 19 30
159 25 51
160 49 0
161 -8 115
162 51 13
163 -12 130
164 42 -83
165 42 -83
166 53 -6
167 51 6
168 25 55
169 0 32
170 45 4
171 55 -3
172 51 5
173 31 -106
174 52 -1
175 48 6
176 40 33
177 40 82
178 40 -74
179 50 -3
180 -34 -58
181 64 -147
182 37 -7
183 -11 27
184 59 10
185 41 12
186 14 -61
187 33 45
188 -4 15
189 43 11
190 8 -13
191 41 15
192 50 8
193 44 12
194 -21 27
195 28 -13
196 53 -1
197 -19 29
198 54 18
199 60 11
200 24 10
201 -22 -43
202 55 -4
203 45 5
204 7 41
205 44 8
206 57 18
207 41 2
208 37 -3
209 47 15
210 51 0
211 14 -90
212 46 6
213 -2 -79
214 52 9
215 53 10
216 60 24
217 35 25
218 30 120
219 22 114
220 31 6
221 35 139
222 21 -157
223 29 -95
224 38 -77
225 43 -78
226 38 1
227 47 -97
228 50 30
229 -25 -54
230 39 -86
231 40 28
232 38 27
233 21 39
234 49 -2
235 40 -73
236 11 43
237 -6 106
238 -26 28
239 -3 36
240 45 -73
241 12 8
242 34 69
243 63 -22
244 -1 30
245 22 120
246 24 67
247 -6 155
248 17 -76
249 50 19
250 15 32
251 27 85
252 3 101
253 29 47
254 -8 13
255 10 -66
256 36 -115
257 33 -118
258 53 -1
259 48 2
260 0 9
261 34 33
262 43 0
263 59 30
264 36 -2
265 51 12
266 51 12
267 6 1
268 40 -73
269 33 -118
270 50 5
271 51 0
272 51 0
273 50 3
274 -12 -77
275 45 9
276 38 -9
277 46 14
278 35 12
279 48 14
280 51 0
281 6 3
282 27 -15
283 -16 -68
284 53 -2
285 6 1
286 51 0
287 -25 32
288 -15 28
289 4 114
290 49 6
291 -17 25
292 25 32
293 45 4
294 13 80
295 40 -3
296 31 -4
297 53 -2
298 -3 -60
299 10 -71
300 -4 39
301 46 15
302 39 -94
303 28 -81
304 23 58
305 44 8
306 -37 144
307 24 39
308 -37 144
309 19 -99
310 12 -86
311 2 45
312 25 -80
313 20 -89
314 45 9
315 35 10
316 39 -94
317 35 14
318 4 73
319 47 7
320 55 13
321 54 -1
322 14 121
323 55 37
324 43 3
325 -25 32
326 -8 125
327 43 5
328 -20 57
329 51 1
330 44 -93
331 53 27
332 50 5
333 29 -90
334 -26 31
335 48 11
336 -34 -56
337 45 8
338 49 6
339 -17 177
340 40 14
341 25 -77
342 -1 36
343 43 7
344 55 -1
345 45 6
346 12 15
347 32 129
348 35 36
349 13 2
350 18 -15
351 -13 28
352 58 16
353 35 140
354 47 -1
355 49 11
356 52 1
357 40 -73
358 55 10
359 46 30
360 26 127
361 35 -97
362 40 9
363 41 -95
364 41 -8
365 41 -87
366 51 -8
367 28 -81
368 35 0
369 48 2
370 34 135
371 60 11
372 51 2
373 44 26
374 12 -1
375 43 -5
376 18 -72
377 48 2
378 40 116
379 -31 115
380 4 7
381 37 -76
382 39 -75
383 33 -112
384 55 -4
385 46 0
386 40 -80
387 -5 39
388 39 2
389 38 13
390 11 104
391 36 11
392 -9 147
393 10 -61
394 9 -79
395 50 14
396 43 10
397 42 14
398 16 -61
399 9 -79
400 43 0
401 45 12
402 31 -8
403 34 -6
404 -8 -34
405 38 15
406 64 -21
407 16 96
408 49 4
409 36 28
410 -29 -53
411 -22 -43
412 45 14
413 44 12
414 48 -1
415 6 -10
416 41 12
417 14 145
418 -32 -60
419 51 4
420 24 46
421 33 73
422 6 -58
423 15 44
424 13 -89
425 32 -117
426 -23 -47
427 29 -98
428 -17 31
429 48 -24
430 -33 -70
431 42 -8
432 33 44
433 18 -69
434 47 -122
435 27 14
436 37 126
437 51 0
438 -4 55
439 37 -122
440 31 121
441 25 55
442 16 -22
443 1 103
444 37 -121
445 43 18
446 9 -84
447 9 -84
448 18 -66
449 40 22
450 41 21
451 40 -111
452 36 -25
453 52 -8
454 42 23
455 43 16
456 -12 -38
457 38 -90
458 51 0
459 59 17
460 48 9
461 38 16
462 58 5
463 55 37
464 37 -5
465 48 7
466 52 13
467 -33 151
468 29 52
469 47 13
470 40 17
471 41 69
472 28 -16
473 38 -28
474 43 0
475 28 -16
476 14 -87
477 52 13
478 35 51
479 41 19
480 32 13
481 43 1
482 32 34
483 22 5
484 0 6
485 35 -5
486 -18 47
487 33 8
488 -24 -53
489 25 121
490 37 12
491 51 -2
492 45 7
493 45 13
494 45 12
495 47 0
496 36 -95
497 36 10
498 52 13
499 35 139
500 35 -83
501 40 13
502 0 -78
503 12 101
504 13 -60
505 44 4
506 43 27
507 45 12
508 -23 -47
509 48 16
510 39 0
511 41 -4
512 45 10
513 38 -77
514 52 20
515 36 -6
516 53 -113
517 44 -63
518 45 -74
519 45 -75
520 46 -71
521 42 -82
522 48 -54
523 45 -73
524 49 -123
525 49 -97
526 51 -114
527 47 -52
528 43 -79
529 44 15
530 45 16
531 41 -1
532 -6 39
533 47 8
534 51 0
535 24 91
