130
1 334 161
2 397 262
3 503 172
4 444 384
5 311 2
6 662 549
7 40 187
8 526 215
9 209 691
10 683 414
11 280 5
12 252 535
13 698 348
14 678 410
15 220 409
16 355 76
17 296 313
18 504 240
19 224 358
20 470 309
21 554 279
22 567 352
23 599 361
24 240 430
25 32 345
26 91 148
27 248 343
28 488 3
29 206 437
30 575 141
31 282 329
32 27 424
33 568 287
34 269 295
35 417 341
36 32 448
37 561 357
38 342 492
39 399 156
40 571 375
41 370 151
42 509 435
43 177 295
44 526 409
45 316 65
46 469 281
47 572 373
48 29 330
49 454 537
50 416 227
51 535 471
52 265 684
53 478 509
54 370 332
55 598 446
56 201 649
57 193 680
58 448 532
59 603 134
60 543 481
61 214 43
62 426 61
63 89 277
64 84 31
65 220 623
66 688 0
67 687 373
68 75 312
69 63 23
70 97 211
71 399 170
72 456 597
73 319 626
74 295 664
75 288 667
76 268 52
77 140 513
78 689 167
79 280 458
80 453 282
81 213 525
82 133 677
83 521 132
84 30 450
85 657 39
86 6 23
87 252 535
88 42 63
89 145 399
90 638 62
91 489 665
92 361 564
93 519 347
94 129 435
95 259 454
96 676 371
97 84 183
98 77 354
99 335 660
100 264 377
101 51 676
102 692 543
103 169 547
104 194 263
105 415 78
106 415 479
107 169 245
108 525 213
109 238 33
110 116 363
111 16 656
112 434 92
113 40 424
114 530 183
115 484 49
116 263 426
117 450 126
118 441 299
119 24 500
120 503 514
121 635 200
122 614 418
123 21 660
124 143 92
125 637 54
126 566 199
127 196 221
128 384 87
129 178 104
130 403 205
