1291
1 0 0
2 837 958
3 862 958
4 887 958
5 913 958
6 938 958
7 964 958
8 989 958
9 1014 958
10 1040 958
11 1065 958
12 1091 958
13 1116 958
14 1141 958
15 1167 958
16 1167 1110
17 1141 1110
18 1116 1110
19 1091 1110
20 1065 1110
21 1040 1110
22 1014 1110
23 989 1110
24 964 1110
25 938 1110
26 913 1110
27 887 1110
28 862 1110
29 837 1110
30 837 1186
31 862 1186
32 887 1186
33 913 1186
34 938 1186
35 964 1186
36 989 1186
37 1014 1186
38 1040 1186
39 1065 1186
40 1091 1186
41 1116 1186
42 1141 1186
43 1167 1186
44 1167 1339
45 1141 1339
46 1116 1339
47 1091 1339
48 1065 1339
49 1040 1339
50 1014 1339
51 989 1339
52 964 1339
53 938 1339
54 913 1339
55 887 1339
56 862 1339
57 837 1339
58 837 1415
59 862 1415
60 887 1415
61 913 1415
62 938 1415
63 964 1415
64 989 1415
65 1014 1415
66 1040 1415
67 1065 1415
68 1091 1415
69 1116 1415
70 1141 1415
71 1167 1415
72 1167 1567
73 1141 1567
74 1116 1567
75 1091 1567
76 1065 1567
77 1040 1567
78 1014 1567
79 989 1567
80 964 1567
81 938 1567
82 913 1567
83 887 1567
84 862 1567
85 837 1567
86 837 1644
87 862 1644
88 887 1644
89 913 1644
90 938 1644
91 964 1644
92 989 1644
93 1014 1644
94 1040 1644
95 1065 1644
96 1091 1644
97 1116 1644
98 1141 1644
99 1167 1644
100 1167 1796
101 1141 1796
102 1116 1796
103 1091 1796
104 1065 1796
105 1040 1796
106 1014 1796
107 989 1796
108 964 1796
109 938 1796
110 913 1796
111 887 1796
112 862 1796
113 837 1796
114 837 1898
115 862 1898
116 887 1898
117 913 1898
118 938 1898
119 964 1898
120 989 1898
121 1014 1898
122 1040 1898
123 1065 1898
124 1091 1898
125 1116 1898
126 1141 1898
127 1167 1898
128 1167 2050
129 1141 2050
130 1116 2050
131 1091 2050
132 1065 2050
133 1040 2050
134 1014 2050
135 989 2050
136 964 2050
137 938 2050
138 913 2050
139 887 2050
140 862 2050
141 837 2050
142 837 2126
143 862 2126
144 887 2126
145 913 2126
146 938 2126
147 964 2126
148 989 2126
149 1014 2126
150 1040 2126
151 1065 2126
152 1091 2126
153 1116 2126
154 1141 2126
155 1167 2126
156 1167 2279
157 1141 2279
158 1116 2279
159 1091 2279
160 1065 2279
161 1040 2279
162 1014 2279
163 989 2279
164 964 2279
165 938 2279
166 913 2279
167 887 2279
168 862 2279
169 837 2279
170 837 2355
171 862 2355
172 887 2355
173 913 2355
174 938 2355
175 964 2355
176 989 2355
177 1014 2355
178 1040 2355
179 1065 2355
180 1091 2355
181 1116 2355
182 1141 2355
183 1167 2355
184 1167 2507
185 1141 2507
186 1116 2507
187 1091 2507
188 1065 2507
189 1040 2507
190 1014 2507
191 989 2507
192 964 2507
193 938 2507
194 913 2507
195 887 2507
196 862 2507
197 837 2507
198 837 2583
199 862 2583
200 887 2583
201 913 2583
202 938 2583
203 964 2583
204 989 2583
205 1014 2583
206 1040 2583
207 1065 2583
208 1091 2583
209 1116 2583
210 1141 2583
211 1167 2583
212 1243 2583
213 1167 2736
214 1141 2736
215 1116 2736
216 1091 2736
217 1065 2736
218 1040 2736
219 1014 2736
220 989 2736
221 964 2736
222 938 2736
223 913 2736
224 887 2736
225 862 2736
226 837 2736
227 964 2888
228 1040 2888
229 1141 2888
230 1218 2888
231 1218 2914
232 1141 2914
233 1040 2914
234 964 2914
235 913 2914
236 964 2939
237 1040 2939
238 1141 2939
239 1218 2939
240 1218 2964
241 1141 2964
242 1040 2964
243 964 2964
244 913 2964
245 964 2990
246 1040 2990
247 1141 2990
248 1218 2990
249 1218 3015
250 1141 3015
251 1040 3015
252 964 3015
253 964 3041
254 1040 3041
255 1141 3041
256 1218 3041
257 1218 3066
258 1141 3066
259 1040 3066
260 964 3066
261 1298 874
262 1323 874
263 1348 874
264 1373 874
265 1398 874
266 1423 874
267 1448 874
268 1473 874
269 1498 874
270 1523 874
271 1548 874
272 1573 874
273 1598 874
274 1623 874
275 1648 874
276 1673 874
277 1698 874
278 1723 874
279 1748 874
280 1773 874
281 1798 874
282 1823 874
283 1848 874
284 1873 874
285 1898 874
286 1923 874
287 1948 874
288 1973 874
289 1998 874
290 2023 874
291 2048 874
292 2073 874
293 2098 874
294 2123 874
295 2148 874
296 2173 874
297 2198 874
298 2248 874
299 1298 899
300 1348 899
301 1398 899
302 1448 899
303 1498 899
304 1548 899
305 1598 899
306 1648 899
307 1698 899
308 1748 899
309 1798 899
310 1848 899
311 1898 899
312 1948 899
313 1998 899
314 2048 899
315 2098 899
316 2148 899
317 2198 899
318 2248 899
319 2298 899
320 2348 899
321 2398 899
322 2448 899
323 2498 899
324 2548 899
325 2598 899
326 2648 899
327 2698 899
328 2748 899
329 2798 899
330 2848 899
331 2898 899
332 2948 899
333 2998 899
334 3048 899
335 3098 899
336 3148 899
337 3198 899
338 3248 899
339 3298 899
340 3348 899
341 3398 899
342 3448 899
343 3423 924
344 3373 924
345 3323 924
346 3273 924
347 3223 924
348 3173 924
349 3123 924
350 3073 924
351 3023 924
352 2973 924
353 2923 924
354 2873 924
355 2823 924
356 2773 924
357 2723 924
358 2673 924
359 2623 924
360 2573 924
361 2448 924
362 2398 924
363 2348 924
364 2298 924
365 2173 924
366 2123 924
367 2073 924
368 2023 924
369 1973 924
370 1923 924
371 1873 924
372 1823 924
373 1773 924
374 1723 924
375 1673 924
376 1623 924
377 1573 924
378 1523 924
379 1473 924
380 1423 924
381 1373 924
382 1323 924
383 2298 949
384 2348 949
385 2398 949
386 2448 949
387 2678 996
388 2202 996
389 1522 1085
390 1395 1110
391 1472 1110
392 1573 1110
393 1649 1110
394 2107 1110
395 2183 1110
396 2284 1110
397 2361 1110
398 2361 1136
399 2284 1136
400 2183 1136
401 2107 1136
402 2005 1136
403 1929 1136
404 1827 1136
405 1751 1136
406 1649 1136
407 1573 1136
408 1522 1136
409 1472 1136
410 1395 1136
411 1395 1161
412 1472 1161
413 1573 1161
414 1649 1161
415 1751 1161
416 1827 1161
417 1929 1161
418 2005 1161
419 2107 1161
420 2183 1161
421 2284 1161
422 2361 1161
423 2869 1186
424 2818 1186
425 2767 1186
426 2716 1186
427 2361 1186
428 2284 1186
429 2183 1186
430 2107 1186
431 2005 1186
432 1929 1186
433 1827 1186
434 1751 1186
435 1649 1186
436 1573 1186
437 1472 1186
438 1395 1186
439 1395 1212
440 1472 1212
441 1573 1212
442 1649 1212
443 1751 1212
444 1827 1212
445 1929 1212
446 2005 1212
447 2107 1212
448 2183 1212
449 2284 1212
450 2361 1212
451 2361 1237
452 2284 1237
453 2183 1237
454 2107 1237
455 2005 1237
456 1929 1237
457 1827 1237
458 1751 1237
459 1649 1237
460 1573 1237
461 1472 1237
462 1395 1237
463 1395 1263
464 1472 1263
465 1573 1263
466 1649 1263
467 1751 1263
468 1827 1263
469 1929 1263
470 2005 1263
471 2107 1263
472 2183 1263
473 2284 1263
474 2361 1263
475 2437 1263
476 2513 1263
477 2361 1288
478 2284 1288
479 2183 1288
480 2107 1288
481 2005 1288
482 1929 1288
483 1827 1288
484 1751 1288
485 1649 1288
486 1573 1288
487 1472 1288
488 1395 1288
489 2437 1313
490 2513 1313
491 2742 1313
492 2767 1313
493 2843 1313
494 2869 1313
495 2869 1364
496 2818 1364
497 2767 1364
498 2716 1364
499 1853 1364
500 1751 1364
501 1853 1390
502 1751 1390
503 1649 1390
504 1573 1390
505 1472 1390
506 1395 1390
507 1395 1415
508 1472 1415
509 1573 1415
510 1649 1415
511 1751 1415
512 1853 1415
513 1929 1415
514 2005 1415
515 2107 1415
516 2183 1415
517 2284 1415
518 2361 1415
519 2462 1415
520 2538 1415
521 2538 1440
522 2462 1440
523 2361 1440
524 2284 1440
525 2183 1440
526 2107 1440
527 2005 1440
528 1929 1440
529 1853 1440
530 1751 1440
531 1649 1440
532 1573 1440
533 1472 1440
534 1395 1440
535 1395 1466
536 1472 1466
537 1573 1466
538 1649 1466
539 1751 1466
540 1853 1466
541 1929 1466
542 2005 1466
543 2107 1466
544 2183 1466
545 2284 1466
546 2361 1466
547 2462 1466
548 2538 1466
549 2869 1491
550 2843 1491
551 2767 1491
552 2742 1491
553 2538 1491
554 2462 1491
555 2361 1491
556 2284 1491
557 2183 1491
558 2107 1491
559 2005 1491
560 1929 1491
561 1853 1491
562 1751 1491
563 1649 1491
564 1573 1491
565 1472 1491
566 1395 1491
567 1395 1517
568 1472 1517
569 1573 1517
570 1649 1517
571 1929 1517
572 2005 1517
573 2107 1517
574 2183 1517
575 2284 1517
576 2361 1517
577 2462 1517
578 2538 1517
579 2538 1542
580 2462 1542
581 2361 1542
582 2284 1542
583 2183 1542
584 2107 1542
585 2005 1542
586 1929 1542
587 1649 1542
588 1573 1542
589 1472 1542
590 1395 1542
591 1395 1567
592 1472 1567
593 1573 1567
594 1649 1567
595 1929 1567
596 2005 1567
597 2107 1567
598 2183 1567
599 2284 1567
600 2361 1567
601 2462 1567
602 2538 1567
603 2538 1694
604 2462 1694
605 2183 1694
606 2107 1694
607 1649 1694
608 1573 1694
609 1472 1694
610 1395 1694
611 1395 1720
612 1472 1720
613 1573 1720
614 1649 1720
615 1929 1720
616 2005 1720
617 2107 1720
618 2183 1720
619 2284 1720
620 2361 1720
621 2462 1720
622 2538 1720
623 2640 1720
624 2716 1720
625 3961 1745
626 3885 1745
627 3834 1745
628 3758 1745
629 3707 1745
630 3631 1745
631 3580 1745
632 3504 1745
633 3453 1745
634 3377 1745
635 3326 1745
636 3250 1745
637 3199 1745
638 3123 1745
639 3072 1745
640 2996 1745
641 2894 1745
642 2716 1745
643 2640 1745
644 2538 1745
645 2462 1745
646 2361 1745
647 2284 1745
648 2183 1745
649 2107 1745
650 2005 1745
651 1929 1745
652 1649 1745
653 1573 1745
654 1472 1745
655 1395 1745
656 1395 1771
657 1472 1771
658 1573 1771
659 1649 1771
660 1929 1771
661 2005 1771
662 2107 1771
663 2183 1771
664 2284 1771
665 2361 1771
666 2462 1771
667 2538 1771
668 2640 1771
669 2716 1771
670 3961 1796
671 3885 1796
672 3834 1796
673 3758 1796
674 3707 1796
675 3631 1796
676 3580 1796
677 3504 1796
678 3453 1796
679 3377 1796
680 3326 1796
681 3250 1796
682 3199 1796
683 3123 1796
684 3072 1796
685 2996 1796
686 2894 1796
687 2716 1796
688 2640 1796
689 2538 1796
690 2462 1796
691 2361 1796
692 2284 1796
693 2183 1796
694 2107 1796
695 2005 1796
696 1929 1796
697 1649 1796
698 1573 1796
699 1472 1796
700 1395 1796
701 1395 1821
702 1472 1821
703 1573 1821
704 1649 1821
705 1929 1821
706 2005 1821
707 2107 1821
708 2183 1821
709 2284 1821
710 2361 1821
711 2462 1821
712 2538 1821
713 2640 1821
714 2716 1821
715 2957 1821
716 3961 1847
717 3885 1847
718 3834 1847
719 3758 1847
720 3707 1847
721 3631 1847
722 3580 1847
723 3504 1847
724 3453 1847
725 3377 1847
726 3326 1847
727 3250 1847
728 3199 1847
729 3123 1847
730 3072 1847
731 2996 1847
732 2818 1847
733 2716 1847
734 2640 1847
735 2538 1847
736 2462 1847
737 2361 1847
738 2284 1847
739 2183 1847
740 2107 1847
741 2005 1847
742 1929 1847
743 1649 1847
744 1573 1847
745 1472 1847
746 1395 1847
747 1395 1872
748 1472 1872
749 1573 1872
750 1649 1872
751 1929 1872
752 2005 1872
753 2107 1872
754 2183 1872
755 2284 1872
756 2361 1872
757 2462 1872
758 2538 1872
759 2640 1872
760 2716 1872
761 2894 1910
762 2869 1923
763 2957 1923
764 2996 1923
765 3072 1923
766 3123 1923
767 3199 1923
768 3250 1923
769 3326 1923
770 3377 1923
771 3453 1923
772 3504 1923
773 3580 1923
774 3631 1923
775 3707 1923
776 3758 1923
777 3834 1923
778 3885 1923
779 3961 1923
780 2894 1936
781 2818 1948
782 3072 1961
783 2538 1974
784 2640 1974
785 2716 1974
786 3758 1974
787 3148 1999
788 2996 1999
789 2919 1999
790 2843 1999
791 2716 1999
792 2640 1999
793 2284 1999
794 2132 1999
795 2030 1999
796 1878 1999
797 1764 1999
798 1687 1999
799 1548 1999
800 1395 1999
801 1395 2025
802 1548 2025
803 1687 2025
804 1764 2025
805 1878 2025
806 2030 2025
807 2132 2025
808 2284 2025
809 2538 2025
810 2640 2025
811 2716 2025
812 2843 2025
813 2919 2025
814 3148 2050
815 2996 2050
816 2919 2050
817 2843 2050
818 2716 2050
819 2640 2050
820 2284 2050
821 2132 2050
822 2030 2050
823 1878 2050
824 1764 2050
825 1687 2050
826 1548 2050
827 1395 2050
828 1395 2075
829 1548 2075
830 1687 2075
831 1764 2075
832 1878 2075
833 2030 2075
834 2132 2075
835 2284 2075
836 3758 2075
837 3072 2088
838 2538 2101
839 2462 2101
840 2284 2101
841 2132 2101
842 2030 2101
843 1878 2101
844 1764 2101
845 1687 2101
846 1548 2101
847 1395 2101
848 1395 2126
849 1548 2126
850 1687 2126
851 1764 2126
852 1878 2126
853 2030 2126
854 2132 2126
855 2284 2126
856 2462 2126
857 2538 2126
858 2640 2126
859 2716 2126
860 3072 2126
861 3123 2126
862 3758 2126
863 3681 2152
864 3631 2152
865 2716 2152
866 2640 2152
867 2538 2152
868 2462 2152
869 2284 2152
870 2132 2152
871 2030 2152
872 1878 2152
873 1764 2152
874 1687 2152
875 1548 2152
876 1395 2152
877 1395 2177
878 1548 2177
879 1878 2177
880 2030 2177
881 2132 2177
882 2284 2177
883 2462 2177
884 2538 2177
885 2640 2177
886 2716 2177
887 2716 2202
888 2640 2202
889 2538 2202
890 2462 2202
891 2284 2202
892 2132 2202
893 2030 2202
894 1878 2202
895 1548 2202
896 1395 2202
897 1395 2228
898 1548 2228
899 1878 2228
900 2030 2228
901 2132 2228
902 2284 2228
903 2462 2228
904 2538 2228
905 2640 2228
906 2716 2228
907 3758 2253
908 3123 2253
909 3072 2253
910 2716 2253
911 2640 2253
912 2538 2253
913 2462 2253
914 2284 2253
915 2132 2253
916 2030 2253
917 1878 2253
918 1548 2253
919 1395 2253
920 1395 2279
921 1548 2279
922 1878 2279
923 2030 2279
924 2132 2279
925 2284 2279
926 2462 2279
927 2538 2279
928 2640 2279
929 2716 2279
930 3656 2279
931 3681 2279
932 2716 2304
933 2640 2304
934 2538 2304
935 2462 2304
936 2284 2304
937 2132 2304
938 2030 2304
939 1878 2304
940 1751 2304
941 1675 2304
942 1548 2304
943 1395 2304
944 1395 2329
945 1548 2329
946 1675 2329
947 1751 2329
948 1878 2329
949 2030 2329
950 2132 2329
951 2284 2329
952 2462 2329
953 2538 2329
954 2640 2329
955 2716 2329
956 3758 2355
957 2284 2355
958 2132 2355
959 2030 2355
960 1878 2355
961 1751 2355
962 1675 2355
963 1548 2355
964 1395 2355
965 1395 2380
966 1548 2380
967 1675 2380
968 1751 2380
969 1878 2380
970 2030 2380
971 2132 2380
972 2284 2380
973 2284 2406
974 2132 2406
975 2030 2406
976 1878 2406
977 1751 2406
978 1675 2406
979 1548 2406
980 1395 2406
981 1319 2418
982 1395 2431
983 1548 2431
984 1675 2431
985 1751 2431
986 1878 2431
987 2030 2431
988 2132 2431
989 2284 2431
990 2640 2431
991 2716 2431
992 3758 2456
993 2716 2456
994 2640 2456
995 2284 2456
996 2132 2456
997 2030 2456
998 1878 2456
999 1751 2456
1000 1675 2456
1001 1548 2456
1002 1395 2456
1003 1319 2469
1004 1395 2482
1005 1548 2482
1006 1675 2482
1007 1751 2482
1008 1878 2482
1009 2030 2482
1010 2132 2482
1011 2284 2482
1012 2640 2482
1013 2716 2482
1014 2640 2507
1015 2716 2507
1016 3758 2507
1017 2716 2533
1018 2640 2533
1019 2640 2558
1020 2716 2558
1021 2640 2583
1022 2716 2583
1023 3631 2583
1024 3681 2583
1025 2716 2609
1026 2640 2609
1027 3758 2634
1028 2869 2634
1029 2716 2634
1030 2640 2634
1031 2284 2634
1032 2132 2634
1033 2030 2634
1034 1878 2634
1035 1802 2634
1036 1649 2634
1037 1548 2634
1038 1395 2634
1039 1395 2660
1040 1548 2660
1041 1649 2660
1042 1802 2660
1043 1878 2660
1044 2030 2660
1045 2132 2660
1046 2284 2660
1047 2640 2660
1048 2716 2660
1049 2284 2685
1050 2132 2685
1051 2030 2685
1052 1878 2685
1053 1802 2685
1054 1649 2685
1055 1548 2685
1056 1395 2685
1057 1243 2685
1058 1395 2710
1059 1548 2710
1060 1649 2710
1061 1802 2710
1062 1878 2710
1063 2030 2710
1064 2132 2710
1065 2284 2710
1066 3656 2710
1067 3681 2710
1068 2869 2736
1069 2538 2736
1070 2462 2736
1071 2284 2736
1072 2132 2736
1073 2030 2736
1074 1878 2736
1075 1802 2736
1076 1649 2736
1077 1548 2736
1078 1395 2736
1079 1395 2761
1080 1548 2761
1081 1649 2761
1082 1802 2761
1083 1878 2761
1084 2030 2761
1085 2132 2761
1086 2284 2761
1087 2462 2761
1088 2538 2761
1089 2716 2787
1090 2640 2787
1091 2538 2787
1092 2462 2787
1093 2284 2787
1094 2132 2787
1095 2030 2787
1096 1878 2787
1097 1802 2787
1098 1649 2787
1099 1548 2787
1100 1395 2787
1101 1395 2812
1102 1548 2812
1103 1649 2812
1104 1802 2812
1105 1878 2812
1106 2030 2812
1107 2132 2812
1108 2284 2812
1109 2462 2812
1110 2538 2812
1111 2640 2812
1112 2716 2812
1113 3453 2837
1114 3351 2837
1115 2716 2837
1116 2640 2837
1117 2538 2837
1118 2462 2837
1119 2284 2837
1120 2132 2837
1121 2030 2837
1122 1878 2837
1123 1802 2837
1124 1649 2837
1125 1548 2837
1126 1395 2837
1127 1395 2863
1128 1548 2863
1129 1649 2863
1130 1802 2863
1131 1878 2863
1132 2030 2863
1133 2132 2863
1134 2284 2863
1135 2462 2863
1136 2538 2863
1137 2640 2863
1138 2716 2863
1139 2869 2888
1140 2818 2888
1141 2716 2888
1142 2640 2888
1143 2538 2888
1144 2462 2888
1145 2284 2888
1146 2132 2888
1147 2030 2888
1148 1878 2888
1149 1802 2888
1150 1649 2888
1151 1548 2888
1152 1395 2888
1153 1319 2901
1154 1294 2901
1155 1268 2901
1156 1395 2914
1157 1548 2914
1158 1649 2914
1159 1802 2914
1160 1878 2914
1161 2030 2914
1162 2132 2914
1163 2284 2914
1164 2462 2914
1165 2538 2914
1166 2640 2914
1167 2716 2914
1168 2716 2939
1169 2640 2939
1170 2538 2939
1171 2462 2939
1172 2284 2939
1173 2132 2939
1174 2030 2939
1175 1878 2939
1176 1802 2939
1177 1649 2939
1178 1548 2939
1179 1395 2939
1180 1395 2964
1181 1548 2964
1182 1649 2964
1183 1802 2964
1184 1878 2964
1185 2030 2964
1186 2132 2964
1187 2284 2964
1188 2462 2964
1189 2538 2964
1190 2640 2964
1191 2716 2964
1192 3351 2964
1193 3453 2964
1194 2869 2990
1195 2818 2990
1196 3554 3015
1197 3580 3015
1198 3605 3015
1199 3631 3015
1200 3656 3015
1201 3681 3015
1202 3707 3015
1203 3732 3015
1204 3758 3015
1205 3783 3015
1206 3808 3015
1207 3834 3015
1208 3859 3015
1209 3453 3041
1210 3402 3041
1211 3326 3041
1212 3275 3041
1213 1522 3041
1214 1472 3041
1215 3554 3066
1216 3580 3066
1217 3605 3066
1218 3631 3066
1219 3656 3066
1220 3681 3066
1221 3707 3066
1222 3732 3066
1223 3758 3066
1224 3783 3066
1225 3808 3066
1226 3834 3066
1227 3859 3066
1228 2498 874
1229 2548 874
1230 2573 874
1231 2598 874
1232 2623 874
1233 2648 874
1234 2673 874
1235 2698 874
1236 2723 874
1237 2748 874
1238 2773 874
1239 2798 874
1240 2823 874
1241 2848 874
1242 2873 874
1243 2898 874
1244 2923 874
1245 2948 874
1246 2973 874
1247 2998 874
1248 3023 874
1249 3048 874
1250 3073 874
1251 3098 874
1252 3123 874
1253 3148 874
1254 3173 874
1255 3198 874
1256 3223 874
1257 3248 874
1258 3273 874
1259 3298 874
1260 3323 874
1261 3348 874
1262 3373 874
1263 3398 874
1264 3423 874
1265 3448 874
1266 3554 907
1267 3580 907
1268 3605 907
1269 3631 907
1270 3656 907
1271 3681 907
1272 3707 907
1273 3732 907
1274 3758 907
1275 3783 907
1276 3808 907
1277 3834 907
1278 3859 907
1279 3859 958
1280 3834 958
1281 3808 958
1282 3783 958
1283 3758 958
1284 3732 958
1285 3707 958
1286 3681 958
1287 3656 958
1288 3631 958
1289 3605 958
1290 3580 958
1291 3554 958
