1655
1 0 0
2 1224 945
3 1325 945
4 1325 971
5 1224 971
6 1224 996
7 1325 996
8 1325 1021
9 1224 1021
10 1186 1034
11 1084 1034
12 1052 1034
13 1027 1034
14 1224 1047
15 1325 1047
16 1186 1059
17 1084 1059
18 1052 1059
19 1027 1059
20 1224 1072
21 1325 1072
22 1186 1085
23 1084 1085
24 1052 1085
25 1027 1085
26 1224 1098
27 1325 1098
28 1186 1110
29 1084 1110
30 1052 1110
31 1027 1110
32 1224 1123
33 1325 1123
34 1186 1136
35 1084 1136
36 1052 1136
37 1027 1136
38 1224 1148
39 1325 1148
40 1186 1161
41 1084 1161
42 1052 1161
43 1027 1161
44 1224 1174
45 1325 1174
46 1186 1186
47 1084 1186
48 1052 1186
49 1027 1186
50 1224 1199
51 1325 1199
52 1186 1212
53 1084 1212
54 1052 1212
55 1027 1212
56 1224 1225
57 1325 1225
58 1186 1237
59 1084 1237
60 1052 1237
61 1027 1237
62 1224 1250
63 1325 1250
64 1186 1263
65 1084 1263
66 1052 1263
67 1027 1263
68 1224 1275
69 1325 1275
70 1186 1288
71 1084 1288
72 1052 1288
73 1027 1288
74 1027 1313
75 1052 1313
76 1084 1313
77 1186 1313
78 1287 1339
79 1262 1339
80 1186 1339
81 1084 1339
82 1052 1339
83 1027 1339
84 1027 1364
85 1052 1364
86 1084 1364
87 1186 1364
88 1186 1390
89 1084 1390
90 1052 1390
91 1027 1390
92 1224 1402
93 1325 1402
94 1186 1415
95 1084 1415
96 1052 1415
97 1027 1415
98 1224 1428
99 1325 1428
100 1325 1453
101 1224 1453
102 1224 1479
103 1325 1479
104 1186 1491
105 1084 1491
106 1052 1491
107 1027 1504
108 1224 1504
109 1325 1504
110 1052 1517
111 1224 1529
112 1325 1529
113 1325 1555
114 1224 1555
115 1224 1580
116 1325 1580
117 1325 1606
118 1224 1606
119 1224 1631
120 1325 1631
121 1325 1656
122 1224 1656
123 1224 1682
124 1325 1682
125 1325 1707
126 1224 1707
127 1224 1733
128 1325 1733
129 1097 1948
130 1071 1948
131 1224 2152
132 1325 2152
133 1325 2177
134 1224 2177
135 1224 2202
136 1325 2202
137 1325 2228
138 1224 2228
139 1224 2253
140 1325 2253
141 1325 2279
142 1224 2279
143 1224 2304
144 1325 2304
145 1325 2329
146 1224 2329
147 1224 2355
148 1325 2355
149 1325 2380
150 1224 2380
151 1224 2406
152 1325 2406
153 1325 2431
154 1224 2431
155 1224 2456
156 1325 2456
157 1325 2482
158 1224 2482
159 1262 2545
160 1287 2545
161 1325 2609
162 1224 2609
163 1224 2634
164 1325 2634
165 1186 2647
166 1084 2647
167 1052 2647
168 1027 2660
169 1224 2660
170 1325 2660
171 1052 2672
172 1224 2685
173 1325 2685
174 1325 2710
175 1224 2710
176 1224 2736
177 1325 2736
178 1325 2761
179 1224 2761
180 1224 2787
181 1325 2787
182 1325 2812
183 1224 2812
184 1325 2837
185 1224 2837
186 1186 2837
187 1084 2837
188 1224 2863
189 1325 2863
190 1325 2888
191 1224 2888
192 1224 2914
193 1325 2914
194 1325 2939
195 1224 2939
196 1579 3028
197 1605 3028
198 1630 3028
199 1656 3028
200 1681 3028
201 1706 3028
202 1732 3028
203 1757 3028
204 1783 3028
205 1808 3028
206 1833 3028
207 1859 3028
208 1884 3028
209 1910 3028
210 1935 3028
211 1973 3015
212 1999 3015
213 2024 3015
214 1922 2984
215 1821 2984
216 1618 2971
217 1681 2964
218 1783 2964
219 1821 2958
220 1922 2958
221 1643 2945
222 1681 2939
223 1783 2939
224 1973 2939
225 1999 2939
226 2024 2939
227 2075 2939
228 2176 2939
229 1948 2920
230 1872 2920
231 1618 2920
232 1681 2914
233 1783 2914
234 1973 2914
235 1999 2914
236 2024 2914
237 2075 2914
238 2176 2914
239 2176 2888
240 2075 2888
241 1783 2888
242 1681 2888
243 1618 2869
244 1872 2869
245 1948 2869
246 2176 2863
247 2075 2863
248 1783 2863
249 1681 2863
250 1643 2844
251 1681 2837
252 1783 2837
253 1878 2837
254 1903 2837
255 1929 2837
256 1973 2837
257 1999 2837
258 2024 2837
259 2075 2837
260 2176 2837
261 1618 2818
262 1681 2812
263 1783 2812
264 2075 2812
265 2176 2812
266 2176 2787
267 2075 2787
268 2024 2787
269 1999 2787
270 1973 2787
271 1783 2787
272 1681 2787
273 1618 2768
274 1681 2761
275 1783 2761
276 2075 2761
277 2176 2761
278 1643 2742
279 1681 2736
280 1783 2736
281 1878 2736
282 1903 2736
283 1929 2736
284 2075 2736
285 2176 2736
286 1618 2717
287 1681 2710
288 1783 2710
289 1821 2710
290 1922 2710
291 1973 2710
292 1999 2710
293 2024 2710
294 2075 2710
295 2176 2710
296 2176 2685
297 2075 2685
298 2024 2685
299 1999 2685
300 1973 2685
301 1922 2685
302 1821 2685
303 1783 2685
304 1757 2685
305 1732 2685
306 1706 2685
307 1681 2685
308 1656 2685
309 1618 2666
310 1821 2660
311 1922 2660
312 2075 2660
313 2176 2660
314 1643 2641
315 1681 2634
316 1783 2634
317 1821 2634
318 1922 2634
319 2075 2634
320 2176 2634
321 1618 2615
322 1681 2609
323 1783 2609
324 1821 2609
325 1922 2609
326 1973 2609
327 1999 2609
328 2024 2609
329 2075 2609
330 2176 2609
331 1935 2571
332 1910 2571
333 1884 2571
334 1859 2571
335 1833 2571
336 1808 2571
337 1783 2571
338 1757 2571
339 1732 2571
340 1706 2571
341 1681 2571
342 1656 2571
343 1630 2571
344 1605 2571
345 1579 2571
346 1973 2558
347 1999 2558
348 2024 2558
349 2113 2545
350 2138 2545
351 1922 2526
352 1821 2526
353 1618 2514
354 1681 2507
355 1783 2507
356 1821 2501
357 1922 2501
358 1643 2488
359 1681 2482
360 1783 2482
361 1973 2482
362 1999 2482
363 2024 2482
364 2075 2482
365 2176 2482
366 1948 2463
367 1872 2463
368 1618 2463
369 1681 2456
370 1783 2456
371 1973 2456
372 1999 2456
373 2024 2456
374 2075 2456
375 2176 2456
376 2176 2431
377 2075 2431
378 1783 2431
379 1681 2431
380 1618 2412
381 1872 2412
382 1948 2412
383 2176 2406
384 2075 2406
385 1783 2406
386 1681 2406
387 1643 2387
388 1681 2380
389 1783 2380
390 1878 2380
391 1903 2380
392 1929 2380
393 1973 2380
394 1999 2380
395 2024 2380
396 2075 2380
397 2176 2380
398 1618 2361
399 1681 2355
400 1783 2355
401 2075 2355
402 2176 2355
403 2176 2329
404 2075 2329
405 2024 2329
406 1999 2329
407 1973 2329
408 1783 2329
409 1681 2329
410 1618 2310
411 1681 2304
412 1783 2304
413 2075 2304
414 2176 2304
415 1643 2285
416 1681 2279
417 1783 2279
418 1878 2279
419 1903 2279
420 1929 2279
421 2075 2279
422 2176 2279
423 1618 2260
424 1681 2253
425 1783 2253
426 1821 2253
427 1922 2253
428 1973 2253
429 1999 2253
430 2024 2253
431 2075 2253
432 2176 2253
433 2176 2228
434 2075 2228
435 2024 2228
436 1999 2228
437 1973 2228
438 1922 2228
439 1821 2228
440 1783 2228
441 1757 2228
442 1732 2228
443 1706 2228
444 1681 2228
445 1656 2228
446 1618 2209
447 1821 2202
448 1922 2202
449 2075 2202
450 2176 2202
451 1643 2183
452 1681 2177
453 1783 2177
454 1821 2177
455 1922 2177
456 2075 2177
457 2176 2177
458 1618 2158
459 1681 2152
460 1783 2152
461 1821 2152
462 1922 2152
463 1973 2152
464 1999 2152
465 2024 2152
466 2075 2152
467 2176 2152
468 2113 1948
469 2138 1948
470 1935 1745
471 1910 1745
472 1884 1745
473 1859 1745
474 1833 1745
475 1808 1745
476 1783 1745
477 1757 1745
478 1732 1745
479 1706 1745
480 1681 1745
481 1656 1745
482 1630 1745
483 1605 1745
484 1579 1745
485 1973 1733
486 1999 1733
487 2024 1733
488 2075 1733
489 2176 1733
490 2176 1707
491 2075 1707
492 1922 1701
493 1821 1701
494 1618 1688
495 1681 1682
496 1783 1682
497 2075 1682
498 2176 1682
499 1922 1675
500 1821 1675
501 1643 1663
502 1681 1656
503 1783 1656
504 1973 1656
505 1999 1656
506 2024 1656
507 2075 1656
508 2176 1656
509 1948 1637
510 1872 1637
511 1618 1637
512 1681 1631
513 1783 1631
514 1973 1631
515 1999 1631
516 2024 1631
517 2075 1631
518 2176 1631
519 2176 1606
520 2075 1606
521 1783 1606
522 1681 1606
523 1618 1587
524 1872 1587
525 1948 1587
526 2176 1580
527 2075 1580
528 1783 1580
529 1681 1580
530 1643 1561
531 1681 1555
532 1783 1555
533 1872 1555
534 1903 1555
535 1929 1555
536 1973 1555
537 1999 1555
538 2024 1555
539 2075 1555
540 2176 1555
541 1618 1536
542 1681 1529
543 1783 1529
544 2075 1529
545 2176 1529
546 2176 1504
547 2075 1504
548 2024 1504
549 1999 1504
550 1973 1504
551 1783 1504
552 1681 1504
553 1618 1485
554 1681 1479
555 1783 1479
556 2075 1479
557 2176 1479
558 1643 1460
559 1681 1453
560 1783 1453
561 1872 1453
562 1903 1453
563 1929 1453
564 2075 1453
565 2176 1453
566 1618 1434
567 1681 1428
568 1783 1428
569 1821 1428
570 1922 1428
571 1973 1428
572 1999 1428
573 2024 1428
574 2075 1428
575 2176 1428
576 2176 1402
577 2075 1402
578 2024 1402
579 1999 1402
580 1973 1402
581 1922 1402
582 1821 1402
583 1783 1402
584 1757 1402
585 1732 1402
586 1706 1402
587 1681 1402
588 1656 1402
589 1618 1383
590 1821 1377
591 1922 1377
592 1643 1358
593 1681 1352
594 1783 1352
595 1821 1352
596 1922 1352
597 2113 1352
598 2138 1352
599 1618 1333
600 1681 1326
601 1783 1326
602 1821 1326
603 1922 1326
604 1973 1326
605 1999 1326
606 2024 1326
607 1935 1288
608 1910 1288
609 1884 1288
610 1859 1288
611 1833 1288
612 1808 1288
613 1783 1288
614 1757 1288
615 1732 1288
616 1706 1288
617 1681 1288
618 1656 1288
619 1630 1288
620 1605 1288
621 1579 1288
622 1973 1275
623 1999 1275
624 2024 1275
625 2075 1275
626 2176 1275
627 2176 1250
628 2075 1250
629 1922 1244
630 1821 1244
631 1618 1231
632 1681 1225
633 1783 1225
634 2075 1225
635 2176 1225
636 1922 1218
637 1821 1218
638 1643 1206
639 1681 1199
640 1783 1199
641 1973 1199
642 1999 1199
643 2024 1199
644 2075 1199
645 2176 1199
646 1948 1180
647 1872 1180
648 1618 1180
649 1681 1174
650 1783 1174
651 1973 1174
652 1999 1174
653 2024 1174
654 2075 1174
655 2176 1174
656 2176 1148
657 2075 1148
658 1783 1148
659 1681 1148
660 1618 1129
661 1872 1129
662 1948 1129
663 2176 1123
664 2075 1123
665 1783 1123
666 1681 1123
667 1643 1104
668 1681 1098
669 1783 1098
670 1878 1098
671 1903 1098
672 1929 1098
673 1973 1098
674 1999 1098
675 2024 1098
676 2075 1098
677 2176 1098
678 1618 1079
679 1681 1072
680 1783 1072
681 2075 1072
682 2176 1072
683 2176 1047
684 2075 1047
685 2024 1047
686 1999 1047
687 1973 1047
688 1783 1047
689 1681 1047
690 1618 1028
691 1681 1021
692 1783 1021
693 2075 1021
694 2176 1021
695 1643 1002
696 1681 996
697 1783 996
698 1878 996
699 1903 996
700 1929 996
701 2075 996
702 2176 996
703 1618 977
704 1681 971
705 1783 971
706 1821 971
707 1922 971
708 1973 971
709 1999 971
710 2024 971
711 2075 971
712 2176 971
713 2176 945
714 2075 945
715 2024 945
716 1999 945
717 1973 945
718 1922 945
719 1821 945
720 1783 945
721 1757 945
722 1732 945
723 1706 945
724 1681 945
725 1656 945
726 1618 926
727 1821 920
728 1922 920
729 1643 901
730 1681 894
731 1783 894
732 1821 894
733 1922 894
734 1618 875
735 1681 869
736 1783 869
737 1821 869
738 1922 869
739 1973 869
740 1999 869
741 2024 869
742 2449 2037
743 2475 2037
744 2500 2037
745 2526 2037
746 2551 2037
747 2576 2037
748 2602 2037
749 2627 2037
750 2672 2037
751 2697 2037
752 2722 2037
753 2748 2037
754 2773 2037
755 2799 2037
756 2824 2037
757 2849 2037
758 2926 2075
759 3002 2075
760 3053 2075
761 3103 2075
762 3167 2075
763 3243 2075
764 3294 2075
765 3345 2075
766 3383 2088
767 3459 2088
768 3497 2088
769 3599 2088
770 3650 2088
771 3675 2088
772 3700 2088
773 2849 2114
774 2824 2114
775 2799 2114
776 2773 2114
777 2748 2114
778 2722 2114
779 2697 2114
780 2672 2114
781 2627 2114
782 2602 2114
783 2576 2114
784 2551 2114
785 2526 2114
786 2500 2114
787 2475 2114
788 2449 2114
789 3497 2126
790 3599 2126
791 3459 2139
792 3383 2139
793 3345 2152
794 3294 2152
795 3243 2152
796 3167 2152
797 3103 2152
798 3053 2152
799 3002 2152
800 2926 2152
801 2875 2152
802 2849 2152
803 2824 2152
804 2773 2152
805 2672 2152
806 2634 2152
807 2532 2152
808 2468 2158
809 2532 2177
810 2634 2177
811 2672 2177
812 2773 2177
813 2494 2183
814 2672 2202
815 2773 2202
816 2926 2202
817 3002 2202
818 3053 2202
819 3103 2202
820 3167 2202
821 3243 2202
822 3294 2202
823 3345 2202
824 2468 2209
825 3383 2215
826 3459 2215
827 3497 2215
828 3599 2215
829 3675 2215
830 3726 2215
831 2875 2228
832 2849 2228
833 2824 2228
834 2773 2228
835 2672 2228
836 2634 2228
837 2608 2228
838 2583 2228
839 2557 2228
840 2532 2228
841 2507 2228
842 3675 2241
843 3726 2241
844 3599 2253
845 3497 2253
846 2875 2253
847 2849 2253
848 2824 2253
849 2773 2253
850 2672 2253
851 2634 2253
852 2532 2253
853 2468 2260
854 3383 2266
855 3459 2266
856 3675 2266
857 3726 2266
858 3345 2279
859 3294 2279
860 3243 2279
861 3167 2279
862 3103 2279
863 3053 2279
864 3002 2279
865 2926 2279
866 2780 2279
867 2754 2279
868 2729 2279
869 2634 2279
870 2532 2279
871 2494 2285
872 3675 2291
873 3726 2291
874 2634 2304
875 2532 2304
876 2468 2310
877 3675 2317
878 3726 2317
879 3345 2329
880 3294 2329
881 3243 2329
882 3167 2329
883 3103 2329
884 3053 2329
885 3002 2329
886 2926 2329
887 2875 2329
888 2849 2329
889 2824 2329
890 2634 2329
891 2532 2329
892 3383 2342
893 3459 2342
894 3497 2342
895 3599 2342
896 3675 2342
897 3726 2342
898 2634 2355
899 2532 2355
900 2468 2361
901 3675 2368
902 3726 2368
903 3599 2380
904 3497 2380
905 2875 2380
906 2849 2380
907 2824 2380
908 2780 2380
909 2754 2380
910 2729 2380
911 2634 2380
912 2532 2380
913 2494 2387
914 3383 2393
915 3459 2393
916 3675 2393
917 3726 2393
918 3345 2406
919 3294 2406
920 3243 2406
921 3167 2406
922 3103 2406
923 3053 2406
924 3002 2406
925 2926 2406
926 2634 2406
927 2532 2406
928 2468 2412
929 2722 2412
930 2799 2412
931 3675 2418
932 3726 2418
933 2634 2431
934 2532 2431
935 3675 2444
936 3726 2444
937 3345 2456
938 3294 2456
939 3243 2456
940 3167 2456
941 3103 2456
942 3053 2456
943 3002 2456
944 2926 2456
945 2875 2456
946 2849 2456
947 2824 2456
948 2634 2456
949 2532 2456
950 2468 2463
951 2722 2463
952 2799 2463
953 3383 2469
954 3459 2469
955 3497 2469
956 3599 2469
957 3675 2469
958 3726 2469
959 2875 2482
960 2849 2482
961 2824 2482
962 2634 2482
963 2532 2482
964 2494 2488
965 3675 2495
966 3726 2495
967 2773 2501
968 2672 2501
969 2532 2507
970 2634 2507
971 3497 2507
972 3599 2507
973 2468 2514
974 3383 2520
975 3459 2520
976 3675 2520
977 3726 2520
978 2773 2526
979 2672 2526
980 2926 2533
981 3002 2533
982 3053 2533
983 3103 2533
984 3167 2533
985 3243 2533
986 3294 2533
987 3345 2533
988 3675 2545
989 3726 2545
990 2875 2558
991 2849 2558
992 2824 2558
993 2430 2571
994 2456 2571
995 2481 2571
996 2507 2571
997 2532 2571
998 2557 2571
999 2583 2571
1000 2608 2571
1001 2634 2571
1002 2659 2571
1003 2684 2571
1004 2710 2571
1005 2735 2571
1006 2761 2571
1007 2786 2571
1008 3675 2571
1009 3726 2571
1010 3345 2583
1011 3294 2583
1012 3243 2583
1013 3167 2583
1014 3103 2583
1015 3053 2583
1016 3002 2583
1017 2926 2583
1018 3383 2596
1019 3459 2596
1020 3497 2596
1021 3599 2596
1022 3675 2596
1023 3726 2596
1024 2875 2609
1025 2849 2609
1026 2824 2609
1027 2773 2609
1028 2672 2609
1029 2634 2609
1030 2532 2609
1031 2468 2615
1032 3675 2622
1033 3726 2622
1034 3599 2634
1035 3497 2634
1036 2773 2634
1037 2672 2634
1038 2634 2634
1039 2532 2634
1040 2494 2641
1041 3383 2647
1042 3459 2647
1043 3675 2647
1044 3726 2647
1045 3345 2660
1046 3294 2660
1047 3243 2660
1048 3167 2660
1049 3103 2660
1050 3053 2660
1051 3002 2660
1052 2926 2660
1053 2773 2660
1054 2672 2660
1055 2468 2666
1056 3675 2672
1057 3726 2672
1058 2634 2679
1059 2608 2679
1060 2583 2679
1061 2507 2685
1062 2532 2685
1063 2557 2685
1064 2672 2685
1065 2773 2685
1066 2824 2685
1067 2849 2685
1068 2875 2685
1069 3675 2698
1070 3726 2698
1071 3345 2710
1072 3294 2710
1073 3243 2710
1074 3167 2710
1075 3103 2710
1076 3053 2710
1077 3002 2710
1078 2926 2710
1079 2875 2710
1080 2849 2710
1081 2824 2710
1082 2773 2710
1083 2672 2710
1084 2634 2710
1085 2532 2710
1086 2468 2717
1087 3383 2723
1088 3459 2723
1089 3497 2723
1090 3599 2723
1091 3675 2723
1092 3726 2723
1093 2780 2736
1094 2754 2736
1095 2729 2736
1096 2634 2736
1097 2532 2736
1098 2494 2742
1099 3675 2749
1100 3726 2749
1101 3599 2761
1102 3497 2761
1103 2634 2761
1104 2532 2761
1105 2468 2768
1106 3383 2774
1107 3459 2774
1108 3675 2774
1109 3726 2774
1110 3345 2787
1111 3294 2787
1112 3243 2787
1113 3167 2787
1114 3103 2787
1115 3053 2787
1116 3002 2787
1117 2926 2787
1118 2875 2787
1119 2849 2787
1120 2824 2787
1121 2634 2787
1122 2532 2787
1123 3675 2799
1124 3726 2799
1125 2634 2812
1126 2532 2812
1127 2468 2818
1128 3675 2825
1129 3726 2825
1130 3345 2837
1131 3294 2837
1132 3243 2837
1133 3167 2837
1134 3103 2837
1135 3053 2837
1136 3002 2837
1137 2926 2837
1138 2875 2837
1139 2849 2837
1140 2824 2837
1141 2780 2837
1142 2754 2837
1143 2729 2837
1144 2634 2837
1145 2532 2837
1146 2494 2844
1147 3383 2850
1148 3459 2850
1149 3497 2850
1150 3599 2850
1151 3675 2850
1152 3726 2850
1153 2634 2863
1154 2532 2863
1155 2468 2869
1156 2722 2869
1157 2799 2869
1158 3675 2876
1159 3726 2876
1160 3599 2888
1161 3497 2888
1162 2634 2888
1163 2532 2888
1164 3383 2901
1165 3459 2901
1166 3675 2901
1167 3726 2901
1168 3345 2914
1169 3294 2914
1170 3243 2914
1171 3167 2914
1172 3103 2914
1173 3053 2914
1174 3002 2914
1175 2926 2914
1176 2875 2914
1177 2849 2914
1178 2824 2914
1179 2634 2914
1180 2532 2914
1181 2468 2920
1182 2722 2920
1183 2799 2920
1184 3675 2926
1185 3726 2926
1186 2875 2939
1187 2849 2939
1188 2824 2939
1189 2634 2939
1190 2532 2939
1191 2494 2945
1192 3675 2952
1193 3726 2952
1194 2773 2958
1195 2672 2958
1196 2532 2964
1197 2634 2964
1198 2926 2964
1199 3002 2964
1200 3053 2964
1201 3103 2964
1202 3167 2964
1203 3243 2964
1204 3294 2964
1205 3345 2964
1206 2468 2971
1207 3383 2977
1208 3459 2977
1209 3497 2977
1210 3599 2977
1211 3675 2977
1212 3726 2977
1213 2773 2984
1214 2672 2984
1215 3675 3003
1216 3726 3003
1217 3599 3015
1218 3497 3015
1219 2875 3015
1220 2849 3015
1221 2824 3015
1222 2430 3028
1223 2456 3028
1224 2481 3028
1225 2507 3028
1226 2532 3028
1227 2557 3028
1228 2583 3028
1229 2608 3028
1230 2634 3028
1231 2659 3028
1232 2684 3028
1233 2710 3028
1234 2735 3028
1235 2761 3028
1236 2786 3028
1237 3383 3028
1238 3459 3028
1239 3345 3041
1240 3294 3041
1241 3243 3041
1242 3167 3041
1243 3103 3041
1244 3053 3041
1245 3002 3041
1246 2926 3041
1247 3535 3066
1248 3561 3066
1249 3586 3066
1250 3586 2012
1251 3535 2012
1252 3484 2012
1253 3408 2012
1254 3345 2012
1255 3294 2012
1256 3243 2012
1257 3167 2012
1258 3103 2012
1259 3053 2012
1260 3002 2012
1261 2926 2012
1262 2926 1936
1263 3002 1936
1264 3053 1936
1265 3103 1936
1266 3167 1936
1267 3243 1936
1268 3294 1936
1269 3345 1936
1270 3408 1936
1271 3484 1936
1272 3535 1936
1273 3586 1936
1274 3446 1796
1275 3421 1796
1276 3396 1796
1277 2786 1745
1278 2761 1745
1279 2735 1745
1280 2710 1745
1281 2684 1745
1282 2659 1745
1283 2634 1745
1284 2608 1745
1285 2583 1745
1286 2557 1745
1287 2532 1745
1288 2507 1745
1289 2481 1745
1290 2456 1745
1291 2430 1745
1292 2824 1733
1293 2849 1733
1294 2875 1733
1295 2773 1701
1296 2672 1701
1297 2468 1688
1298 2532 1682
1299 2634 1682
1300 3249 1682
1301 3351 1682
1302 2773 1675
1303 2672 1675
1304 2494 1663
1305 2532 1656
1306 2634 1656
1307 2824 1656
1308 2849 1656
1309 2875 1656
1310 3249 1656
1311 3351 1656
1312 2799 1637
1313 2722 1637
1314 2468 1637
1315 2532 1631
1316 2634 1631
1317 2824 1631
1318 2849 1631
1319 2875 1631
1320 3249 1631
1321 3351 1631
1322 3351 1606
1323 3249 1606
1324 2634 1606
1325 2532 1606
1326 2468 1587
1327 2722 1587
1328 2799 1587
1329 2532 1580
1330 2634 1580
1331 3249 1580
1332 3351 1580
1333 2494 1561
1334 2532 1555
1335 2634 1555
1336 2729 1555
1337 2754 1555
1338 2780 1555
1339 2824 1555
1340 2849 1555
1341 2875 1555
1342 2468 1536
1343 2532 1529
1344 2634 1529
1345 2532 1504
1346 2634 1504
1347 2824 1504
1348 2849 1504
1349 2875 1504
1350 2468 1485
1351 2532 1479
1352 2634 1479
1353 2964 1479
1354 2494 1460
1355 2532 1453
1356 2634 1453
1357 2729 1453
1358 2754 1453
1359 2780 1453
1360 2468 1434
1361 2532 1428
1362 2634 1428
1363 2672 1428
1364 2773 1428
1365 2824 1428
1366 2849 1428
1367 2875 1428
1368 2875 1402
1369 2849 1402
1370 2824 1402
1371 2773 1402
1372 2672 1402
1373 2634 1402
1374 2608 1402
1375 2583 1402
1376 2557 1402
1377 2532 1402
1378 2507 1402
1379 2468 1383
1380 2672 1377
1381 2773 1377
1382 2964 1377
1383 2494 1358
1384 2532 1352
1385 2634 1352
1386 2672 1352
1387 2773 1352
1388 2468 1333
1389 2532 1326
1390 2634 1326
1391 2672 1326
1392 2773 1326
1393 2824 1326
1394 2849 1326
1395 2875 1326
1396 2786 1288
1397 2761 1288
1398 2735 1288
1399 2710 1288
1400 2684 1288
1401 2659 1288
1402 2634 1288
1403 2608 1288
1404 2583 1288
1405 2557 1288
1406 2532 1288
1407 2507 1288
1408 2481 1288
1409 2456 1288
1410 2430 1288
1411 2824 1275
1412 2849 1275
1413 2875 1275
1414 2773 1244
1415 2672 1244
1416 2468 1231
1417 2532 1225
1418 2634 1225
1419 2672 1218
1420 2773 1218
1421 2494 1206
1422 2532 1199
1423 2634 1199
1424 2824 1199
1425 2849 1199
1426 2875 1199
1427 2799 1180
1428 2722 1180
1429 2468 1180
1430 2532 1174
1431 2634 1174
1432 2824 1174
1433 2849 1174
1434 2875 1174
1435 2634 1148
1436 2532 1148
1437 2468 1129
1438 2722 1129
1439 2799 1129
1440 2634 1123
1441 2532 1123
1442 2494 1104
1443 2532 1098
1444 2634 1098
1445 2729 1098
1446 2754 1098
1447 2780 1098
1448 2824 1098
1449 2849 1098
1450 2875 1098
1451 2468 1079
1452 2532 1072
1453 2634 1072
1454 2919 1066
1455 3021 1066
1456 3091 1066
1457 3192 1066
1458 3243 1066
1459 3345 1066
1460 2875 1047
1461 2849 1047
1462 2824 1047
1463 2634 1047
1464 2532 1047
1465 2919 1040
1466 3021 1040
1467 3091 1040
1468 3192 1040
1469 3243 1040
1470 3345 1040
1471 2468 1028
1472 2532 1021
1473 2634 1021
1474 2919 1015
1475 3021 1015
1476 3091 1015
1477 3192 1015
1478 3243 1015
1479 3345 1015
1480 2494 1002
1481 2532 996
1482 2634 996
1483 2729 996
1484 2754 996
1485 2780 996
1486 2919 990
1487 3021 990
1488 2468 977
1489 2532 971
1490 2634 971
1491 2672 971
1492 2773 971
1493 2824 971
1494 2849 971
1495 2875 971
1496 2875 945
1497 2849 945
1498 2824 945
1499 2773 945
1500 2672 945
1501 2634 945
1502 2608 945
1503 2583 945
1504 2557 945
1505 2532 945
1506 2507 945
1507 2468 926
1508 2672 920
1509 2773 920
1510 2494 901
1511 2532 894
1512 2634 894
1513 2672 894
1514 2773 894
1515 2468 875
1516 2532 869
1517 2634 869
1518 2672 869
1519 2773 869
1520 2824 869
1521 2849 869
1522 2875 869
1523 3091 958
1524 3116 958
1525 3142 958
1526 3167 958
1527 3192 958
1528 3218 958
1529 3243 958
1530 3269 958
1531 3294 958
1532 3319 958
1533 3319 882
1534 3294 882
1535 3269 882
1536 3243 882
1537 3218 882
1538 3192 882
1539 3167 882
1540 3142 882
1541 3116 882
1542 3091 882
1543 3116 844
1544 3218 844
1545 3535 831
1546 3561 831
1547 3586 831
1548 3650 882
1549 3675 882
1550 3726 882
1551 3726 907
1552 3675 907
1553 3650 907
1554 3650 932
1555 3675 932
1556 3726 932
1557 3726 958
1558 3675 958
1559 3650 958
1560 3650 983
1561 3675 983
1562 3726 983
1563 3726 1009
1564 3675 1009
1565 3650 1009
1566 3650 1034
1567 3675 1034
1568 3726 1034
1569 3726 1059
1570 3675 1059
1571 3650 1059
1572 3650 1085
1573 3675 1085
1574 3726 1085
1575 3726 1110
1576 3675 1110
1577 3650 1110
1578 3650 1136
1579 3675 1136
1580 3726 1136
1581 3726 1161
1582 3675 1161
1583 3650 1161
1584 3650 1186
1585 3675 1186
1586 3726 1186
1587 3586 1199
1588 3561 1199
1589 3650 1212
1590 3675 1212
1591 3726 1212
1592 3726 1237
1593 3675 1237
1594 3650 1237
1595 3650 1263
1596 3675 1263
1597 3726 1263
1598 3726 1288
1599 3675 1288
1600 3650 1288
1601 3586 1301
1602 3561 1301
1603 3650 1313
1604 3675 1313
1605 3726 1313
1606 3726 1339
1607 3675 1339
1608 3650 1339
1609 3650 1364
1610 3675 1364
1611 3726 1364
1612 3726 1390
1613 3675 1390
1614 3650 1390
1615 3650 1415
1616 3675 1415
1617 3726 1415
1618 3726 1440
1619 3675 1440
1620 3650 1440
1621 3650 1466
1622 3675 1466
1623 3726 1466
1624 3726 1491
1625 3675 1491
1626 3650 1491
1627 3650 1517
1628 3675 1517
1629 3726 1517
1630 3726 1542
1631 3675 1542
1632 3650 1542
1633 3573 1548
1634 3548 1548
1635 3650 1567
1636 3675 1567
1637 3726 1567
1638 3726 1593
1639 3675 1593
1640 3650 1593
1641 3650 1618
1642 3675 1618
1643 3726 1618
1644 3726 1644
1645 3675 1644
1646 3650 1644
1647 3726 1669
1648 3675 1669
1649 3650 1669
1650 3599 1669
1651 3497 1669
1652 3497 1694
1653 3599 1694
1654 3599 1720
1655 3497 1720
