198
1 0 0
2 551 996
3 627 996
4 703 996
5 703 1047
6 627 1047
7 551 1047
8 881 1352
9 932 1352
10 957 1352
11 983 1352
12 1008 1352
13 1033 1352
14 1313 1123
15 1287 1098
16 1287 996
17 1313 996
18 1465 996
19 1516 996
20 1592 996
21 1592 1098
22 1516 1098
23 1465 1098
24 1567 1123
25 1592 1148
26 1567 1174
27 1541 1174
28 1491 1174
29 1440 1174
30 1465 1199
31 1414 1225
32 1440 1225
33 1491 1225
34 1516 1225
35 1592 1250
36 1465 1250
37 1440 1250
38 1389 1250
39 1541 1275
40 1160 1123
41 1160 1225
42 1262 1301
43 1287 1301
44 1338 1301
45 1414 1301
46 1491 1301
47 1541 1301
48 1643 1301
49 1668 1326
50 1618 1326
51 1567 1326
52 1516 1326
53 1465 1326
54 1414 1326
55 1338 1326
56 1313 1326
57 1237 1326
58 1237 1352
59 1313 1352
60 1338 1352
61 1414 1352
62 1465 1352
63 1694 1352
64 1618 1377
65 1516 1377
66 1414 1377
67 1338 1377
68 1313 1377
69 1237 1377
70 1357 1390
71 1237 1402
72 1313 1402
73 1338 1402
74 1414 1402
75 1465 1402
76 1567 1402
77 1592 1402
78 1618 1402
79 1694 1428
80 1668 1428
81 1541 1428
82 1440 1428
83 1414 1428
84 1338 1428
85 1262 1428
86 1237 1453
87 1338 1453
88 1414 1453
89 1465 1453
90 1491 1453
91 1668 1453
92 1694 1453
93 1618 1479
94 1592 1479
95 1567 1479
96 1516 1479
97 1440 1479
98 1414 1479
99 1338 1479
100 1262 1479
101 1592 1504
102 1618 1504
103 1668 1529
104 1694 1529
105 1745 1529
106 1821 1529
107 1846 1529
108 1948 1529
109 1922 1555
110 1897 1555
111 1872 1555
112 1821 1555
113 1795 1555
114 1770 1555
115 1770 1656
116 1795 1656
117 1821 1656
118 1872 1656
119 1897 1656
120 1922 1656
121 1808 1694
122 1757 1694
123 1884 1733
124 1999 1733
125 2075 1733
126 2113 1733
127 2176 1733
128 2236 1733
129 2176 1783
130 2126 1783
131 2100 1783
132 2100 1809
133 2126 1809
134 2100 1834
135 2126 1834
136 2151 1834
137 2236 1847
138 1999 1847
139 1884 1847
140 2100 1860
141 2126 1860
142 2100 1885
143 2126 1885
144 2176 1885
145 2151 1910
146 2126 1910
147 2100 1910
148 2100 1936
149 2126 1936
150 2176 1936
151 2227 1936
152 2126 1961
153 2100 1961
154 1795 1987
155 1821 1987
156 1846 1987
157 1872 1987
158 1897 1987
159 1948 1987
160 2056 1987
161 2100 1987
162 2126 1987
163 2253 1987
164 2303 1987
165 2380 1987
166 2405 1987
167 2024 1402
168 2151 1402
169 2075 1707
170 2176 1707
171 2350 1733
172 2350 1847
173 3652 1010
174 3725 1010
175 3725 1086
176 3652 1086
177 3726 1148
178 3802 1148
179 3853 1148
180 3802 1174
181 3700 1174
182 3605 1199
183 3700 1199
184 3802 1199
185 3853 1199
186 4028 1310
187 3952 1310
188 3728 1310
189 3652 1310
190 3652 1386
191 3728 1386
192 3952 1386
193 4028 1386
194 3853 1123
195 3952 1086
196 4028 1086
197 4028 1010
198 3952 1010
