2103
1 0 0
2 691 856
3 741 856
4 792 856
5 868 863
6 792 907
7 691 907
8 868 913
9 792 958
10 741 958
11 691 958
12 691 1618
13 741 1618
14 792 1618
15 792 1669
16 691 1669
17 691 1720
18 741 1720
19 792 1720
20 1097 2425
21 907 2412
22 830 2412
23 1034 2387
24 1059 2387
25 856 2374
26 830 2361
27 856 2349
28 830 2336
29 983 2336
30 1022 2336
31 1062 2336
32 1102 2336
33 1141 2336
34 1181 2336
35 1221 2336
36 1260 2336
37 1300 2336
38 1339 2336
39 1379 2336
40 1419 2336
41 1458 2336
42 1498 2336
43 1538 2336
44 1577 2336
45 1617 2336
46 1656 2336
47 1696 2336
48 1736 2336
49 1775 2336
50 1815 2336
51 1855 2336
52 1894 2336
53 1934 2336
54 1973 2336
55 2013 2336
56 2053 2336
57 2092 2336
58 2132 2336
59 2172 2336
60 2211 2336
61 2251 2336
62 2290 2336
63 2330 2336
64 2370 2336
65 2409 2336
66 2449 2336
67 2489 2336
68 2528 2336
69 2568 2336
70 2607 2336
71 2647 2336
72 856 2323
73 856 2298
74 983 2285
75 1022 2285
76 1062 2285
77 1102 2285
78 1141 2285
79 1181 2285
80 1221 2285
81 1260 2285
82 1300 2285
83 1339 2285
84 1379 2285
85 1419 2285
86 1458 2285
87 1498 2285
88 1538 2285
89 1577 2285
90 1617 2285
91 1656 2285
92 1696 2285
93 1736 2285
94 1775 2285
95 1815 2285
96 1855 2285
97 1894 2285
98 1934 2285
99 1973 2285
100 2013 2285
101 2053 2285
102 2092 2285
103 2132 2285
104 2172 2285
105 2211 2285
106 2251 2285
107 2290 2285
108 2330 2285
109 2370 2285
110 2409 2285
111 2449 2285
112 2489 2285
113 2528 2285
114 2568 2285
115 2607 2285
116 2647 2285
117 1059 2234
118 1034 2234
119 1034 2183
120 1059 2183
121 983 2133
122 1022 2133
123 1062 2133
124 1102 2133
125 1141 2133
126 1181 2133
127 1221 2133
128 1260 2133
129 1300 2133
130 1339 2133
131 1379 2133
132 1419 2133
133 1458 2133
134 1498 2133
135 1538 2133
136 1577 2133
137 1617 2133
138 1656 2133
139 1696 2133
140 1736 2133
141 1775 2133
142 1815 2133
143 1855 2133
144 1894 2133
145 1934 2133
146 1973 2133
147 2013 2133
148 2053 2133
149 2092 2133
150 2132 2133
151 2172 2133
152 2211 2133
153 2251 2133
154 2290 2133
155 2330 2133
156 2370 2133
157 2409 2133
158 2449 2133
159 2489 2133
160 2528 2133
161 2568 2133
162 2607 2133
163 2647 2133
164 2647 2082
165 2607 2082
166 2568 2082
167 2528 2082
168 2489 2082
169 2449 2082
170 2409 2082
171 2370 2082
172 2330 2082
173 2290 2082
174 2251 2082
175 2211 2082
176 2172 2082
177 2132 2082
178 2092 2082
179 2053 2082
180 2013 2082
181 1973 2082
182 1934 2082
183 1894 2082
184 1855 2082
185 1815 2082
186 1775 2082
187 1736 2082
188 1696 2082
189 1656 2082
190 1617 2082
191 1577 2082
192 1538 2082
193 1498 2082
194 1458 2082
195 1419 2082
196 1379 2082
197 1339 2082
198 1300 2082
199 1260 2082
200 1221 2082
201 1181 2082
202 1141 2082
203 1102 2082
204 1062 2082
205 1022 2082
206 983 2082
207 1034 2031
208 1059 2031
209 881 1993
210 1034 1980
211 1059 1980
212 881 1968
213 856 1968
214 843 1942
215 881 1942
216 983 1929
217 1022 1929
218 1062 1929
219 1102 1929
220 1141 1929
221 1181 1929
222 1221 1929
223 1260 1929
224 1300 1929
225 1339 1929
226 1379 1929
227 1419 1929
228 1458 1929
229 1498 1929
230 1538 1929
231 1577 1929
232 1617 1929
233 1656 1929
234 1696 1929
235 1736 1929
236 1775 1929
237 1815 1929
238 1855 1929
239 1894 1929
240 1934 1929
241 1973 1929
242 2013 1929
243 2053 1929
244 2092 1929
245 2132 1929
246 2172 1929
247 2211 1929
248 2251 1929
249 2290 1929
250 2330 1929
251 2370 1929
252 2409 1929
253 2449 1929
254 2489 1929
255 2528 1929
256 2568 1929
257 2607 1929
258 2647 1929
259 881 1917
260 830 1917
261 818 1891
262 881 1891
263 983 1879
264 1022 1879
265 1062 1879
266 1102 1879
267 1141 1879
268 1181 1879
269 1221 1879
270 1260 1879
271 1300 1879
272 1339 1879
273 1379 1879
274 1419 1879
275 1458 1879
276 1498 1879
277 1538 1879
278 1577 1879
279 1617 1879
280 1656 1879
281 1696 1879
282 1736 1879
283 1775 1879
284 1815 1879
285 1855 1879
286 1894 1879
287 1934 1879
288 1973 1879
289 2013 1879
290 2053 1879
291 2092 1879
292 2132 1879
293 2172 1879
294 2211 1879
295 2251 1879
296 2290 1879
297 2330 1879
298 2370 1879
299 2409 1879
300 2449 1879
301 2489 1879
302 2528 1879
303 2568 1879
304 2607 1879
305 2647 1879
306 881 1866
307 881 1841
308 1034 1828
309 1059 1828
310 881 1815
311 881 1777
312 1034 1777
313 1059 1777
314 983 1726
315 1022 1726
316 1062 1726
317 1102 1726
318 1141 1726
319 1181 1726
320 1221 1726
321 1260 1726
322 1300 1726
323 1339 1726
324 1379 1726
325 1419 1726
326 1458 1726
327 1498 1726
328 1538 1726
329 1577 1726
330 1617 1726
331 1656 1726
332 1696 1726
333 1736 1726
334 1775 1726
335 1815 1726
336 1855 1726
337 1894 1726
338 1934 1726
339 1973 1726
340 2013 1726
341 2053 1726
342 2092 1726
343 2132 1726
344 2172 1726
345 2211 1726
346 2251 1726
347 2290 1726
348 2330 1726
349 2370 1726
350 2409 1726
351 2449 1726
352 2489 1726
353 2528 1726
354 2568 1726
355 2607 1726
356 2647 1726
357 881 1701
358 983 1675
359 1022 1675
360 1062 1675
361 1102 1675
362 1141 1675
363 1181 1675
364 1221 1675
365 1260 1675
366 1300 1675
367 1339 1675
368 1379 1675
369 1419 1675
370 1458 1675
371 1498 1675
372 1538 1675
373 1577 1675
374 1617 1675
375 1656 1675
376 1696 1675
377 1736 1675
378 1775 1675
379 1815 1675
380 1855 1675
381 1894 1675
382 1934 1675
383 1973 1675
384 2013 1675
385 2053 1675
386 2092 1675
387 2132 1675
388 2172 1675
389 2211 1675
390 2251 1675
391 2290 1675
392 2330 1675
393 2370 1675
394 2409 1675
395 2449 1675
396 2489 1675
397 2528 1675
398 2568 1675
399 2607 1675
400 2647 1675
401 868 1663
402 1034 1625
403 1059 1625
404 1059 1574
405 1034 1574
406 983 1523
407 1022 1523
408 1062 1523
409 1102 1523
410 1141 1523
411 1181 1523
412 1221 1523
413 1260 1523
414 1300 1523
415 1339 1523
416 1379 1523
417 1419 1523
418 1458 1523
419 1498 1523
420 1538 1523
421 1577 1523
422 1617 1523
423 1656 1523
424 1696 1523
425 1736 1523
426 1775 1523
427 1815 1523
428 1855 1523
429 1894 1523
430 1934 1523
431 1973 1523
432 2013 1523
433 2053 1523
434 2092 1523
435 2132 1523
436 2172 1523
437 2211 1523
438 2251 1523
439 2290 1523
440 2330 1523
441 2370 1523
442 2409 1523
443 2449 1523
444 2489 1523
445 2528 1523
446 2568 1523
447 2607 1523
448 2647 1523
449 868 1485
450 983 1472
451 1022 1472
452 1062 1472
453 1102 1472
454 1141 1472
455 1181 1472
456 1221 1472
457 1260 1472
458 1300 1472
459 1339 1472
460 1379 1472
461 1419 1472
462 1458 1472
463 1498 1472
464 1538 1472
465 1577 1472
466 1617 1472
467 1656 1472
468 1696 1472
469 1736 1472
470 1775 1472
471 1815 1472
472 1855 1472
473 1894 1472
474 1934 1472
475 1973 1472
476 2013 1472
477 2053 1472
478 2092 1472
479 2132 1472
480 2172 1472
481 2211 1472
482 2251 1472
483 2290 1472
484 2330 1472
485 2370 1472
486 2409 1472
487 2449 1472
488 2489 1472
489 2528 1472
490 2568 1472
491 2607 1472
492 2647 1472
493 1059 1421
494 1034 1421
495 856 1396
496 830 1396
497 1034 1371
498 1059 1371
499 907 1358
500 830 1358
501 830 1333
502 907 1333
503 983 1320
504 1022 1320
505 1062 1320
506 1102 1320
507 1141 1320
508 1181 1320
509 1221 1320
510 1260 1320
511 1300 1320
512 1339 1320
513 1379 1320
514 1419 1320
515 1458 1320
516 1498 1320
517 1538 1320
518 1577 1320
519 1617 1320
520 1656 1320
521 1696 1320
522 1736 1320
523 1775 1320
524 1815 1320
525 1855 1320
526 1894 1320
527 1934 1320
528 1973 1320
529 2013 1320
530 2053 1320
531 2092 1320
532 2132 1320
533 2172 1320
534 2211 1320
535 2251 1320
536 2290 1320
537 2330 1320
538 2370 1320
539 2409 1320
540 2449 1320
541 2489 1320
542 2528 1320
543 2568 1320
544 2607 1320
545 2647 1320
546 907 1307
547 830 1307
548 830 1282
549 907 1282
550 983 1269
551 1022 1269
552 1062 1269
553 1102 1269
554 1141 1269
555 1181 1269
556 1221 1269
557 1260 1269
558 1300 1269
559 1339 1269
560 1379 1269
561 1419 1269
562 1458 1269
563 1498 1269
564 1538 1269
565 1577 1269
566 1617 1269
567 1656 1269
568 1696 1269
569 1736 1269
570 1775 1269
571 1815 1269
572 1855 1269
573 1894 1269
574 1934 1269
575 1973 1269
576 2013 1269
577 2053 1269
578 2092 1269
579 2132 1269
580 2172 1269
581 2211 1269
582 2251 1269
583 2290 1269
584 2330 1269
585 2370 1269
586 2409 1269
587 2449 1269
588 2489 1269
589 2528 1269
590 2568 1269
591 2607 1269
592 2647 1269
593 907 1256
594 830 1256
595 830 1231
596 907 1231
597 1034 1218
598 1059 1218
599 907 1206
600 830 1206
601 830 1180
602 907 1180
603 1034 1167
604 1059 1167
605 856 1142
606 830 1142
607 983 1117
608 1022 1117
609 1062 1117
610 1102 1117
611 1141 1117
612 1181 1117
613 1221 1117
614 1260 1117
615 1300 1117
616 1339 1117
617 1379 1117
618 1419 1117
619 1458 1117
620 1498 1117
621 1538 1117
622 1577 1117
623 1617 1117
624 1656 1117
625 1696 1117
626 1736 1117
627 1775 1117
628 1815 1117
629 1855 1117
630 1894 1117
631 1934 1117
632 1973 1117
633 2013 1117
634 2053 1117
635 2092 1117
636 2132 1117
637 2172 1117
638 2211 1117
639 2251 1117
640 2290 1117
641 2330 1117
642 2370 1117
643 2409 1117
644 2449 1117
645 2489 1117
646 2528 1117
647 2568 1117
648 2607 1117
649 2647 1117
650 907 1104
651 830 1104
652 830 1079
653 868 1079
654 907 1079
655 983 1066
656 1022 1066
657 1062 1066
658 1102 1066
659 1141 1066
660 1181 1066
661 1221 1066
662 1260 1066
663 1300 1066
664 1339 1066
665 1379 1066
666 1419 1066
667 1458 1066
668 1498 1066
669 1538 1066
670 1577 1066
671 1617 1066
672 1656 1066
673 1696 1066
674 1736 1066
675 1775 1066
676 1815 1066
677 1855 1066
678 1894 1066
679 1934 1066
680 1973 1066
681 2013 1066
682 2053 1066
683 2092 1066
684 2132 1066
685 2172 1066
686 2211 1066
687 2251 1066
688 2290 1066
689 2330 1066
690 2370 1066
691 2409 1066
692 2449 1066
693 2489 1066
694 2528 1066
695 2568 1066
696 2607 1066
697 2647 1066
698 907 1053
699 868 1053
700 830 1053
701 830 1028
702 868 1028
703 907 1028
704 1034 1015
705 1059 1015
706 907 1002
707 830 1002
708 1135 990
709 907 977
710 830 977
711 1034 964
712 1059 964
713 907 952
714 830 952
715 830 926
716 907 926
717 983 913
718 1022 913
719 1062 913
720 1102 913
721 1141 913
722 1181 913
723 1221 913
724 1260 913
725 1300 913
726 1339 913
727 1379 913
728 1419 913
729 1458 913
730 1498 913
731 1538 913
732 1577 913
733 1617 913
734 1656 913
735 1696 913
736 1736 913
737 1775 913
738 1815 913
739 1855 913
740 1894 913
741 1934 913
742 1973 913
743 2013 913
744 2053 913
745 2092 913
746 2132 913
747 2172 913
748 2211 913
749 2251 913
750 2290 913
751 2330 913
752 2370 913
753 2409 913
754 2449 913
755 2489 913
756 2528 913
757 2568 913
758 2607 913
759 2647 913
760 868 888
761 983 863
762 1022 863
763 1062 863
764 1102 863
765 1141 863
766 1181 863
767 1221 863
768 1260 863
769 1300 863
770 1339 863
771 1379 863
772 1419 863
773 1458 863
774 1498 863
775 1538 863
776 1577 863
777 1617 863
778 1656 863
779 1696 863
780 1736 863
781 1775 863
782 1815 863
783 1855 863
784 1894 863
785 1934 863
786 1973 863
787 2013 863
788 2053 863
789 2092 863
790 2132 863
791 2172 863
792 2211 863
793 2251 863
794 2290 863
795 2330 863
796 2370 863
797 2409 863
798 2449 863
799 2489 863
800 2528 863
801 2568 863
802 2607 863
803 2647 863
804 1681 837
805 1249 837
806 868 837
807 957 825
808 983 825
809 1034 825
810 1110 825
811 1148 825
812 1224 825
813 1300 825
814 1376 825
815 1415 825
816 1491 825
817 1529 825
818 1605 825
819 1643 825
820 1719 825
821 1757 825
822 1833 825
823 691 2380
824 741 2380
825 792 2380
826 792 2431
827 691 2431
828 830 2437
829 907 2437
830 907 2463
831 830 2463
832 792 2482
833 741 2482
834 691 2482
835 830 2488
836 907 2488
837 983 2488
838 1022 2488
839 1062 2488
840 1102 2488
841 1141 2488
842 1181 2488
843 1221 2488
844 1260 2488
845 1300 2488
846 1339 2488
847 1379 2488
848 1419 2488
849 1458 2488
850 1498 2488
851 1538 2488
852 1577 2488
853 1617 2488
854 1656 2488
855 1696 2488
856 1736 2488
857 1775 2488
858 1815 2488
859 1855 2488
860 1894 2488
861 1934 2488
862 1973 2488
863 2013 2488
864 2053 2488
865 2092 2488
866 2132 2488
867 2172 2488
868 2211 2488
869 2251 2488
870 2290 2488
871 2330 2488
872 2370 2488
873 2409 2488
874 2449 2488
875 2489 2488
876 2528 2488
877 2568 2488
878 2607 2488
879 2647 2488
880 907 2514
881 830 2514
882 830 2539
883 907 2539
884 983 2539
885 1022 2539
886 1062 2539
887 1102 2539
888 1141 2539
889 1181 2539
890 1221 2539
891 1260 2539
892 1300 2539
893 1339 2539
894 1379 2539
895 1419 2539
896 1458 2539
897 1498 2539
898 1538 2539
899 1577 2539
900 1617 2539
901 1656 2539
902 1696 2539
903 1736 2539
904 1775 2539
905 1815 2539
906 1855 2539
907 1894 2539
908 1934 2539
909 1973 2539
910 2013 2539
911 2053 2539
912 2092 2539
913 2132 2539
914 2172 2539
915 2211 2539
916 2251 2539
917 2290 2539
918 2330 2539
919 2370 2539
920 2409 2539
921 2449 2539
922 2489 2539
923 2528 2539
924 2568 2539
925 2607 2539
926 2647 2539
927 907 2564
928 830 2564
929 830 2590
930 907 2590
931 1034 2590
932 1059 2590
933 856 2628
934 830 2628
935 830 2666
936 907 2666
937 830 2691
938 907 2691
939 983 2691
940 1022 2691
941 1062 2691
942 1102 2691
943 1141 2691
944 1181 2691
945 1221 2691
946 1260 2691
947 1300 2691
948 1339 2691
949 1379 2691
950 1419 2691
951 1458 2691
952 1498 2691
953 1538 2691
954 1577 2691
955 1617 2691
956 1656 2691
957 1696 2691
958 1736 2691
959 1775 2691
960 1815 2691
961 1855 2691
962 1894 2691
963 1934 2691
964 1973 2691
965 2013 2691
966 2053 2691
967 2092 2691
968 2132 2691
969 2172 2691
970 2211 2691
971 2251 2691
972 2290 2691
973 2330 2691
974 2370 2691
975 2409 2691
976 2449 2691
977 2489 2691
978 2528 2691
979 2568 2691
980 2607 2691
981 2647 2691
982 907 2717
983 830 2717
984 830 2742
985 907 2742
986 983 2742
987 1022 2742
988 1062 2742
989 1102 2742
990 1141 2742
991 1181 2742
992 1221 2742
993 1260 2742
994 1300 2742
995 1339 2742
996 1379 2742
997 1419 2742
998 1458 2742
999 1498 2742
1000 1538 2742
1001 1577 2742
1002 1617 2742
1003 1656 2742
1004 1696 2742
1005 1736 2742
1006 1775 2742
1007 1815 2742
1008 1855 2742
1009 1894 2742
1010 1934 2742
1011 1973 2742
1012 2013 2742
1013 2053 2742
1014 2092 2742
1015 2132 2742
1016 2172 2742
1017 2211 2742
1018 2251 2742
1019 2290 2742
1020 2330 2742
1021 2370 2742
1022 2409 2742
1023 2449 2742
1024 2489 2742
1025 2528 2742
1026 2568 2742
1027 2607 2742
1028 2647 2742
1029 907 2768
1030 830 2768
1031 830 2793
1032 907 2793
1033 1034 2793
1034 1059 2793
1035 907 2818
1036 830 2818
1037 830 2844
1038 907 2844
1039 907 2882
1040 856 2882
1041 830 2882
1042 983 2895
1043 1022 2895
1044 1062 2895
1045 1102 2895
1046 1141 2895
1047 1181 2895
1048 1221 2895
1049 1260 2895
1050 1300 2895
1051 1339 2895
1052 1379 2895
1053 1419 2895
1054 1458 2895
1055 1498 2895
1056 1538 2895
1057 1577 2895
1058 1617 2895
1059 1656 2895
1060 1696 2895
1061 1736 2895
1062 1775 2895
1063 1815 2895
1064 1855 2895
1065 1894 2895
1066 1934 2895
1067 1973 2895
1068 2013 2895
1069 2053 2895
1070 2092 2895
1071 2132 2895
1072 2172 2895
1073 2211 2895
1074 2251 2895
1075 2290 2895
1076 2330 2895
1077 2370 2895
1078 2409 2895
1079 2449 2895
1080 2489 2895
1081 2528 2895
1082 2568 2895
1083 2607 2895
1084 2647 2895
1085 843 2920
1086 843 2945
1087 983 2945
1088 1022 2945
1089 1062 2945
1090 1102 2945
1091 1141 2945
1092 1181 2945
1093 1221 2945
1094 1260 2945
1095 1300 2945
1096 1339 2945
1097 1379 2945
1098 1419 2945
1099 1458 2945
1100 1498 2945
1101 1538 2945
1102 1577 2945
1103 1617 2945
1104 1656 2945
1105 1696 2945
1106 1736 2945
1107 1775 2945
1108 1815 2945
1109 1855 2945
1110 1894 2945
1111 1934 2945
1112 1973 2945
1113 2013 2945
1114 2053 2945
1115 2092 2945
1116 2132 2945
1117 2172 2945
1118 2211 2945
1119 2251 2945
1120 2290 2945
1121 2330 2945
1122 2370 2945
1123 2409 2945
1124 2449 2945
1125 2489 2945
1126 2528 2945
1127 2568 2945
1128 2607 2945
1129 2647 2945
1130 907 2958
1131 843 2971
1132 907 2984
1133 932 2984
1134 843 2996
1135 1034 2996
1136 1059 2996
1137 932 3022
1138 907 3022
1139 843 3022
1140 843 3047
1141 843 3072
1142 894 3072
1143 919 3072
1144 843 3098
1145 983 3098
1146 1022 3098
1147 1062 3098
1148 1102 3098
1149 1141 3098
1150 1181 3098
1151 1221 3098
1152 1260 3098
1153 1300 3098
1154 1339 3098
1155 1379 3098
1156 1419 3098
1157 1458 3098
1158 1498 3098
1159 1538 3098
1160 1577 3098
1161 1617 3098
1162 1656 3098
1163 1696 3098
1164 1736 3098
1165 1775 3098
1166 1815 3098
1167 1855 3098
1168 1894 3098
1169 1934 3098
1170 1973 3098
1171 2013 3098
1172 2053 3098
1173 2092 3098
1174 2132 3098
1175 2172 3098
1176 2211 3098
1177 2251 3098
1178 2290 3098
1179 2330 3098
1180 2370 3098
1181 2409 3098
1182 2449 3098
1183 2489 3098
1184 2528 3098
1185 2568 3098
1186 2607 3098
1187 2647 3098
1188 792 3142
1189 741 3142
1190 691 3142
1191 894 3149
1192 919 3149
1193 983 3149
1194 1022 3149
1195 1062 3149
1196 1102 3149
1197 1141 3149
1198 1181 3149
1199 1221 3149
1200 1260 3149
1201 1300 3149
1202 1339 3149
1203 1379 3149
1204 1419 3149
1205 1458 3149
1206 1498 3149
1207 1538 3149
1208 1577 3149
1209 1617 3149
1210 1656 3149
1211 1696 3149
1212 1736 3149
1213 1775 3149
1214 1815 3149
1215 1855 3149
1216 1894 3149
1217 1934 3149
1218 1973 3149
1219 2013 3149
1220 2053 3149
1221 2092 3149
1222 2132 3149
1223 2172 3149
1224 2211 3149
1225 2251 3149
1226 2290 3149
1227 2330 3149
1228 2370 3149
1229 2409 3149
1230 2449 3149
1231 2489 3149
1232 2528 3149
1233 2568 3149
1234 2607 3149
1235 2647 3149
1236 1440 3187
1237 1402 3187
1238 1351 3187
1239 1313 3187
1240 919 3187
1241 894 3187
1242 792 3193
1243 691 3193
1244 1503 3199
1245 1579 3199
1246 1148 3225
1247 1122 3225
1248 1097 3225
1249 1072 3225
1250 1046 3225
1251 1021 3225
1252 995 3225
1253 970 3225
1254 792 3244
1255 741 3244
1256 691 3244
1257 1072 3250
1258 1097 3250
1259 1122 3250
1260 1148 3250
1261 1173 3250
1262 1199 3250
1263 1224 3250
1264 1249 3250
1265 1275 3250
1266 1503 3250
1267 1529 3250
1268 1554 3250
1269 1579 3250
1270 1605 3250
1271 1630 3250
1272 1656 3250
1273 1681 3250
1274 1719 3250
1275 1745 3250
1276 1770 3250
1277 1795 3250
1278 1821 3250
1279 1846 3250
1280 1872 3250
1281 1897 3250
1282 1922 3250
1283 1960 3250
1284 1986 3250
1285 2011 3250
1286 2037 3250
1287 2062 3250
1288 2087 3250
1289 2113 3250
1290 2138 3250
1291 2164 3250
1292 2227 3250
1293 2253 3250
1294 2278 3250
1295 2303 3250
1296 2329 3250
1297 2354 3250
1298 2380 3250
1299 2405 3250
1300 2430 3250
1301 2468 3250
1302 2494 3250
1303 2519 3250
1304 2545 3250
1305 2570 3250
1306 2595 3250
1307 2621 3250
1308 2646 3250
1309 2672 3250
1310 1700 3257
1311 945 3263
1312 1313 3263
1313 1351 3263
1314 1402 3263
1315 1440 3263
1316 2697 3263
1317 2430 837
1318 2976 863
1319 3002 863
1320 3027 863
1321 3053 863
1322 3078 863
1323 3103 863
1324 3129 863
1325 3154 863
1326 3180 863
1327 3205 863
1328 3230 863
1329 3256 863
1330 3281 863
1331 3307 863
1332 3332 863
1333 3357 863
1334 3383 863
1335 3408 863
1336 3434 863
1337 3459 863
1338 3484 863
1339 3510 863
1340 3535 863
1341 3561 863
1342 3586 863
1343 3611 863
1344 3637 863
1345 3662 863
1346 3688 863
1347 3713 863
1348 3713 913
1349 3688 913
1350 3662 913
1351 3637 913
1352 3611 913
1353 3586 913
1354 3561 913
1355 3535 913
1356 3510 913
1357 3484 913
1358 3459 913
1359 3434 913
1360 3408 913
1361 3383 913
1362 3357 913
1363 3332 913
1364 3307 913
1365 3281 913
1366 3256 913
1367 3230 913
1368 3205 913
1369 3180 913
1370 3154 913
1371 3129 913
1372 3103 913
1373 3078 913
1374 3053 913
1375 3027 913
1376 3002 913
1377 2976 913
1378 2976 1066
1379 3002 1066
1380 3027 1066
1381 3053 1066
1382 3078 1066
1383 3103 1066
1384 3129 1066
1385 3154 1066
1386 3180 1066
1387 3205 1066
1388 3230 1066
1389 3256 1066
1390 3281 1066
1391 3307 1066
1392 3332 1066
1393 3357 1066
1394 3383 1066
1395 3408 1066
1396 3434 1066
1397 3459 1066
1398 3484 1066
1399 3510 1066
1400 3535 1066
1401 3561 1066
1402 3586 1066
1403 3611 1066
1404 3637 1066
1405 3662 1066
1406 3688 1066
1407 3713 1066
1408 3713 1117
1409 3688 1117
1410 3662 1117
1411 3637 1117
1412 3611 1117
1413 3586 1117
1414 3561 1117
1415 3535 1117
1416 3510 1117
1417 3484 1117
1418 3459 1117
1419 3434 1117
1420 3408 1117
1421 3383 1117
1422 3357 1117
1423 3332 1117
1424 3307 1117
1425 3281 1117
1426 3256 1117
1427 3230 1117
1428 3205 1117
1429 3180 1117
1430 3154 1117
1431 3129 1117
1432 3103 1117
1433 3078 1117
1434 3053 1117
1435 3027 1117
1436 3002 1117
1437 2976 1117
1438 2976 1269
1439 3002 1269
1440 3027 1269
1441 3053 1269
1442 3078 1269
1443 3103 1269
1444 3129 1269
1445 3154 1269
1446 3180 1269
1447 3205 1269
1448 3230 1269
1449 3256 1269
1450 3281 1269
1451 3307 1269
1452 3332 1269
1453 3357 1269
1454 3383 1269
1455 3408 1269
1456 3434 1269
1457 3459 1269
1458 3484 1269
1459 3510 1269
1460 3535 1269
1461 3561 1269
1462 3586 1269
1463 3611 1269
1464 3637 1269
1465 3662 1269
1466 3688 1269
1467 3713 1269
1468 3713 1320
1469 3688 1320
1470 3662 1320
1471 3637 1320
1472 3611 1320
1473 3586 1320
1474 3561 1320
1475 3535 1320
1476 3510 1320
1477 3484 1320
1478 3459 1320
1479 3434 1320
1480 3408 1320
1481 3383 1320
1482 3357 1320
1483 3332 1320
1484 3307 1320
1485 3281 1320
1486 3256 1320
1487 3230 1320
1488 3205 1320
1489 3180 1320
1490 3154 1320
1491 3129 1320
1492 3103 1320
1493 3078 1320
1494 3053 1320
1495 3027 1320
1496 3002 1320
1497 2976 1320
1498 2976 1472
1499 3002 1472
1500 3027 1472
1501 3053 1472
1502 3078 1472
1503 3103 1472
1504 3129 1472
1505 3154 1472
1506 3180 1472
1507 3205 1472
1508 3230 1472
1509 3256 1472
1510 3281 1472
1511 3307 1472
1512 3332 1472
1513 3357 1472
1514 3383 1472
1515 3408 1472
1516 3434 1472
1517 3459 1472
1518 3484 1472
1519 3510 1472
1520 3535 1472
1521 3561 1472
1522 3586 1472
1523 3611 1472
1524 3637 1472
1525 3662 1472
1526 3688 1472
1527 3713 1472
1528 3713 1523
1529 3688 1523
1530 3662 1523
1531 3637 1523
1532 3611 1523
1533 3586 1523
1534 3561 1523
1535 3535 1523
1536 3510 1523
1537 3484 1523
1538 3459 1523
1539 3434 1523
1540 3408 1523
1541 3383 1523
1542 3357 1523
1543 3332 1523
1544 3307 1523
1545 3281 1523
1546 3256 1523
1547 3230 1523
1548 3205 1523
1549 3180 1523
1550 3154 1523
1551 3129 1523
1552 3103 1523
1553 3078 1523
1554 3053 1523
1555 3027 1523
1556 3002 1523
1557 2976 1523
1558 2976 1675
1559 3002 1675
1560 3027 1675
1561 3053 1675
1562 3078 1675
1563 3103 1675
1564 3129 1675
1565 3154 1675
1566 3180 1675
1567 3205 1675
1568 3230 1675
1569 3256 1675
1570 3281 1675
1571 3307 1675
1572 3332 1675
1573 3357 1675
1574 3383 1675
1575 3408 1675
1576 3434 1675
1577 3459 1675
1578 3484 1675
1579 3510 1675
1580 3535 1675
1581 3561 1675
1582 3586 1675
1583 3611 1675
1584 3637 1675
1585 3662 1675
1586 3688 1675
1587 3713 1675
1588 3713 1726
1589 3688 1726
1590 3662 1726
1591 3637 1726
1592 3611 1726
1593 3586 1726
1594 3561 1726
1595 3535 1726
1596 3510 1726
1597 3484 1726
1598 3459 1726
1599 3434 1726
1600 3408 1726
1601 3383 1726
1602 3357 1726
1603 3332 1726
1604 3307 1726
1605 3281 1726
1606 3256 1726
1607 3230 1726
1608 3205 1726
1609 3180 1726
1610 3154 1726
1611 3129 1726
1612 3103 1726
1613 3078 1726
1614 3053 1726
1615 3027 1726
1616 3002 1726
1617 2976 1726
1618 2976 1879
1619 3002 1879
1620 3027 1879
1621 3053 1879
1622 3078 1879
1623 3103 1879
1624 3129 1879
1625 3154 1879
1626 3180 1879
1627 3205 1879
1628 3230 1879
1629 3256 1879
1630 3281 1879
1631 3307 1879
1632 3332 1879
1633 3357 1879
1634 3383 1879
1635 3408 1879
1636 3434 1879
1637 3459 1879
1638 3484 1879
1639 3510 1879
1640 3535 1879
1641 3561 1879
1642 3586 1879
1643 3611 1879
1644 3637 1879
1645 3662 1879
1646 3688 1879
1647 3713 1879
1648 3713 1929
1649 3688 1929
1650 3662 1929
1651 3637 1929
1652 3611 1929
1653 3586 1929
1654 3561 1929
1655 3535 1929
1656 3510 1929
1657 3484 1929
1658 3459 1929
1659 3434 1929
1660 3408 1929
1661 3383 1929
1662 3357 1929
1663 3332 1929
1664 3307 1929
1665 3281 1929
1666 3256 1929
1667 3230 1929
1668 3205 1929
1669 3180 1929
1670 3154 1929
1671 3129 1929
1672 3103 1929
1673 3078 1929
1674 3053 1929
1675 3027 1929
1676 3002 1929
1677 2976 1929
1678 2976 2082
1679 3002 2082
1680 3027 2082
1681 3053 2082
1682 3078 2082
1683 3103 2082
1684 3129 2082
1685 3154 2082
1686 3180 2082
1687 3205 2082
1688 3230 2082
1689 3256 2082
1690 3281 2082
1691 3307 2082
1692 3332 2082
1693 3357 2082
1694 3383 2082
1695 3408 2082
1696 3434 2082
1697 3459 2082
1698 3484 2082
1699 3510 2082
1700 3535 2082
1701 3561 2082
1702 3586 2082
1703 3611 2082
1704 3637 2082
1705 3662 2082
1706 3688 2082
1707 3713 2082
1708 3713 2133
1709 3688 2133
1710 3662 2133
1711 3637 2133
1712 3611 2133
1713 3586 2133
1714 3561 2133
1715 3535 2133
1716 3510 2133
1717 3484 2133
1718 3459 2133
1719 3434 2133
1720 3408 2133
1721 3383 2133
1722 3357 2133
1723 3332 2133
1724 3307 2133
1725 3281 2133
1726 3256 2133
1727 3230 2133
1728 3205 2133
1729 3180 2133
1730 3154 2133
1731 3129 2133
1732 3103 2133
1733 3078 2133
1734 3053 2133
1735 3027 2133
1736 3002 2133
1737 2976 2133
1738 2976 2285
1739 3002 2285
1740 3027 2285
1741 3053 2285
1742 3078 2285
1743 3103 2285
1744 3129 2285
1745 3154 2285
1746 3180 2285
1747 3205 2285
1748 3230 2285
1749 3256 2285
1750 3281 2285
1751 3307 2285
1752 3332 2285
1753 3357 2285
1754 3383 2285
1755 3408 2285
1756 3434 2285
1757 3459 2285
1758 3484 2285
1759 3510 2285
1760 3535 2285
1761 3561 2285
1762 3586 2285
1763 3611 2285
1764 3637 2285
1765 3662 2285
1766 3688 2285
1767 3713 2285
1768 3713 2336
1769 3688 2336
1770 3662 2336
1771 3637 2336
1772 3611 2336
1773 3586 2336
1774 3561 2336
1775 3535 2336
1776 3510 2336
1777 3484 2336
1778 3459 2336
1779 3434 2336
1780 3408 2336
1781 3383 2336
1782 3357 2336
1783 3332 2336
1784 3307 2336
1785 3281 2336
1786 3256 2336
1787 3230 2336
1788 3205 2336
1789 3180 2336
1790 3154 2336
1791 3129 2336
1792 3103 2336
1793 3078 2336
1794 3053 2336
1795 3027 2336
1796 3002 2336
1797 2976 2336
1798 2976 2488
1799 3002 2488
1800 3027 2488
1801 3053 2488
1802 3078 2488
1803 3103 2488
1804 3129 2488
1805 3154 2488
1806 3180 2488
1807 3205 2488
1808 3230 2488
1809 3256 2488
1810 3281 2488
1811 3307 2488
1812 3332 2488
1813 3357 2488
1814 3383 2488
1815 3408 2488
1816 3434 2488
1817 3459 2488
1818 3484 2488
1819 3510 2488
1820 3535 2488
1821 3561 2488
1822 3586 2488
1823 3611 2488
1824 3637 2488
1825 3662 2488
1826 3688 2488
1827 3713 2488
1828 3713 2539
1829 3688 2539
1830 3662 2539
1831 3637 2539
1832 3611 2539
1833 3586 2539
1834 3561 2539
1835 3535 2539
1836 3510 2539
1837 3484 2539
1838 3459 2539
1839 3434 2539
1840 3408 2539
1841 3383 2539
1842 3357 2539
1843 3332 2539
1844 3307 2539
1845 3281 2539
1846 3256 2539
1847 3230 2539
1848 3205 2539
1849 3180 2539
1850 3154 2539
1851 3129 2539
1852 3103 2539
1853 3078 2539
1854 3053 2539
1855 3027 2539
1856 3002 2539
1857 2976 2539
1858 2976 2691
1859 3002 2691
1860 3027 2691
1861 3053 2691
1862 3078 2691
1863 3103 2691
1864 3129 2691
1865 3154 2691
1866 3180 2691
1867 3205 2691
1868 3230 2691
1869 3256 2691
1870 3281 2691
1871 3307 2691
1872 3332 2691
1873 3357 2691
1874 3383 2691
1875 3408 2691
1876 3434 2691
1877 3459 2691
1878 3484 2691
1879 3510 2691
1880 3535 2691
1881 3561 2691
1882 3586 2691
1883 3611 2691
1884 3637 2691
1885 3662 2691
1886 3688 2691
1887 3713 2691
1888 3713 2742
1889 3688 2742
1890 3662 2742
1891 3637 2742
1892 3611 2742
1893 3586 2742
1894 3561 2742
1895 3535 2742
1896 3510 2742
1897 3484 2742
1898 3459 2742
1899 3434 2742
1900 3408 2742
1901 3383 2742
1902 3357 2742
1903 3332 2742
1904 3307 2742
1905 3281 2742
1906 3256 2742
1907 3230 2742
1908 3205 2742
1909 3180 2742
1910 3154 2742
1911 3129 2742
1912 3103 2742
1913 3078 2742
1914 3053 2742
1915 3027 2742
1916 3002 2742
1917 2976 2742
1918 2976 2895
1919 3002 2895
1920 3027 2895
1921 3053 2895
1922 3078 2895
1923 3103 2895
1924 3129 2895
1925 3154 2895
1926 3180 2895
1927 3205 2895
1928 3230 2895
1929 3256 2895
1930 3281 2895
1931 3307 2895
1932 3332 2895
1933 3357 2895
1934 3383 2895
1935 3408 2895
1936 3434 2895
1937 3459 2895
1938 3484 2895
1939 3510 2895
1940 3535 2895
1941 3561 2895
1942 3586 2895
1943 3611 2895
1944 3637 2895
1945 3662 2895
1946 3688 2895
1947 3713 2895
1948 3713 2945
1949 3688 2945
1950 3662 2945
1951 3637 2945
1952 3611 2945
1953 3586 2945
1954 3561 2945
1955 3535 2945
1956 3510 2945
1957 3484 2945
1958 3459 2945
1959 3434 2945
1960 3408 2945
1961 3383 2945
1962 3357 2945
1963 3332 2945
1964 3307 2945
1965 3281 2945
1966 3256 2945
1967 3230 2945
1968 3205 2945
1969 3180 2945
1970 3154 2945
1971 3129 2945
1972 3103 2945
1973 3078 2945
1974 3053 2945
1975 3027 2945
1976 3002 2945
1977 2976 2945
1978 2976 3098
1979 3002 3098
1980 3027 3098
1981 3053 3098
1982 3078 3098
1983 3103 3098
1984 3129 3098
1985 3154 3098
1986 3180 3098
1987 3205 3098
1988 3230 3098
1989 3256 3098
1990 3281 3098
1991 3307 3098
1992 3332 3098
1993 3357 3098
1994 3383 3098
1995 3408 3098
1996 3434 3098
1997 3459 3098
1998 3484 3098
1999 3510 3098
2000 3535 3098
2001 3561 3098
2002 3586 3098
2003 3611 3098
2004 3637 3098
2005 3662 3098
2006 3688 3098
2007 3713 3098
2008 3713 3149
2009 3688 3149
2010 3662 3149
2011 3637 3149
2012 3611 3149
2013 3586 3149
2014 3561 3149
2015 3535 3149
2016 3510 3149
2017 3484 3149
2018 3459 3149
2019 3434 3149
2020 3408 3149
2021 3383 3149
2022 3357 3149
2023 3332 3149
2024 3307 3149
2025 3281 3149
2026 3256 3149
2027 3230 3149
2028 3205 3149
2029 3180 3149
2030 3154 3149
2031 3129 3149
2032 3103 3149
2033 3078 3149
2034 3053 3149
2035 3027 3149
2036 3002 3149
2037 2976 3149
2038 3129 3250
2039 3154 3250
2040 3180 3250
2041 3205 3250
2042 3230 3250
2043 3256 3250
2044 3281 3250
2045 3307 3250
2046 3383 3250
2047 3408 3250
2048 3434 3250
2049 3459 3250
2050 3484 3250
2051 3510 3250
2052 3535 3250
2053 3561 3250
2054 3586 3250
2055 4069 1720
2056 4018 1720
2057 3967 1720
2058 3967 1669
2059 4069 1669
2060 4069 1618
2061 4018 1618
2062 3967 1618
2063 3840 1320
2064 4069 958
2065 4018 958
2066 3967 958
2067 3865 952
2068 3967 907
2069 4069 907
2070 4069 856
2071 4018 856
2072 3967 856
2073 3878 1155
2074 4322 1669
2075 4348 1669
2076 4348 1694
2077 4322 1694
2078 4322 1720
2079 4348 1720
2080 4348 1745
2081 4322 1745
2082 4322 1771
2083 4348 1771
2084 4348 1796
2085 4322 1796
2086 3967 2380
2087 4018 2380
2088 4069 2380
2089 4069 2431
2090 3967 2431
2091 3967 2482
2092 4018 2482
2093 4069 2482
2094 3865 2526
2095 3853 2679
2096 3967 3142
2097 4018 3142
2098 4069 3142
2099 4069 3193
2100 3967 3193
2101 3967 3244
2102 4018 3244
2103 4069 3244
