493
1 0 0
2 1116 1555
3 1357 1479
4 1148 1771
5 1186 1796
6 1205 1885
7 1237 1993
8 1300 2006
9 1160 2025
10 1173 2037
11 1224 2050
12 1351 2241
13 1732 2133
14 1745 2190
15 1764 2291
16 1764 2342
17 1732 2393
18 1745 2418
19 1649 2431
20 1757 2520
21 2297 1771
22 2214 1428
23 2227 1339
24 2183 1320
25 2614 1110
26 2507 1161
27 2348 952
28 2221 1009
29 2208 1085
30 2202 1136
31 2214 1174
32 2024 1123
33 2043 1301
34 1948 1307
35 1941 1390
36 1846 1415
37 1757 1364
38 1802 1352
39 1833 1263
40 1732 1250
41 2043 1580
42 2049 1745
43 1999 1802
44 1960 1815
45 2056 1821
46 2011 1828
47 2043 1853
48 1846 1783
49 1821 1828
50 1846 1866
51 1814 1650
52 1668 1809
53 1859 2164
54 1986 2133
55 2011 2177
56 1948 2196
57 1891 2247
58 2011 2272
59 2037 2304
60 2056 2355
61 1897 2412
62 1897 2456
63 1916 2469
64 2056 2469
65 2157 2139
66 1637 2698
67 1706 2704
68 1764 2749
69 1706 2774
70 1764 2799
71 1872 3066
72 1852 3003
73 1872 2996
74 1897 2996
75 2214 2971
76 2195 2939
77 2246 2888
78 1891 2869
79 2202 2844
80 1903 2818
81 1872 2818
82 2011 2761
83 1903 2698
84 1954 2583
85 2056 2577
86 2094 2564
87 2195 2476
88 2589 2990
89 2608 2990
90 2507 3003
91 2894 3047
92 2894 3003
93 2907 2971
94 3027 3047
95 2792 2812
96 2227 2812
97 2583 2799
98 2595 2774
99 2507 2774
100 2722 2755
101 2614 2749
102 2888 2730
103 3211 2730
104 3142 2717
105 2754 2698
106 2456 2698
107 2570 2622
108 2722 2622
109 3364 2622
110 2900 2615
111 3135 2603
112 2710 2596
113 2716 2545
114 2888 2533
115 2849 2514
116 2297 2514
117 2608 2495
118 3224 2488
119 2691 2476
120 2875 2437
121 2500 2418
122 2430 2399
123 2875 2399
124 3129 2368
125 2583 2368
126 2494 2368
127 2780 2361
128 2335 2355
129 2614 2317
130 2926 2304
131 2805 2291
132 2583 2291
133 2824 2285
134 2862 2279
135 2799 2260
136 2691 2260
137 2754 2253
138 2913 2253
139 2348 2241
140 2907 2234
141 3135 2234
142 2926 2228
143 3434 2202
144 2881 2190
145 2602 2190
146 2710 2164
147 2792 2145
148 2824 2133
149 2424 2107
150 2868 2101
151 3434 2101
152 2614 2088
153 3078 2082
154 2589 2075
155 2487 2063
156 2735 2063
157 3446 2044
158 3351 2031
159 2627 2018
160 2697 2006
161 2487 1993
162 2684 1974
163 2462 1968
164 3135 1968
165 3396 1968
166 2748 1961
167 2722 1961
168 3230 1955
169 2970 1942
170 2475 1936
171 2513 1923
172 2926 1917
173 2494 1910
174 2614 1904
175 2519 1891
176 2589 1891
177 3408 1891
178 3643 1891
179 2786 1885
180 2659 1885
181 2494 1879
182 2957 1879
183 3459 1879
184 3053 1866
185 2773 1866
186 2710 1866
187 3237 1853
188 3326 1853
189 2735 1847
190 2494 1834
191 3269 1834
192 3307 1834
193 3364 1834
194 2672 1828
195 3351 1821
196 3472 1821
197 2868 1815
198 2811 1809
199 3351 1802
200 3294 1796
201 2545 1796
202 3110 1777
203 3161 1777
204 3281 1777
205 3338 1758
206 2995 1758
207 3199 1720
208 3002 1720
209 2634 1720
210 2507 1707
211 2964 1707
212 3059 1707
213 3097 1707
214 3643 1707
215 2805 1701
216 2583 1694
217 3078 1694
218 2894 1688
219 3148 1682
220 3218 1663
221 3199 1663
222 2729 1663
223 2951 1650
224 2430 1644
225 2507 1631
226 3599 1631
227 3135 1625
228 3078 1625
229 3059 1625
230 2773 1625
231 2913 1618
232 3307 1618
233 3135 1606
234 3015 1606
235 2424 1599
236 2830 1593
237 3294 1593
238 3129 1580
239 3376 1567
240 2614 1567
241 2932 1548
242 3046 1547
243 3072 1547
244 3098 1547
245 3124 1547
246 3150 1547
247 3176 1547
248 3202 1547
249 3228 1547
250 3254 1547
251 3280 1547
252 3306 1547
253 3332 1547
254 3358 1547
255 2722 1536
256 3065 1524
257 3111 1524
258 3137 1524
259 3163 1524
260 3189 1524
261 3215 1524
262 3241 1524
263 3267 1524
264 3293 1524
265 3345 1524
266 2437 1523
267 2964 1510
268 2741 1504
269 2430 1504
270 3413 1498
271 2997 1492
272 2824 1485
273 3020 1479
274 3390 1479
275 3413 1472
276 2837 1466
277 2608 1466
278 2997 1466
279 3104 1466
280 3130 1466
281 3156 1466
282 3182 1466
283 3208 1466
284 3234 1466
285 3260 1466
286 3286 1466
287 3312 1466
288 3413 1446
289 3078 1446
290 3117 1443
291 3143 1443
292 3169 1443
293 3195 1443
294 3221 1443
295 3247 1443
296 3273 1443
297 2900 1440
298 2691 1440
299 2997 1440
300 3332 1440
301 2437 1434
302 3390 1433
303 3309 1427
304 3020 1427
305 2583 1421
306 3078 1420
307 3413 1420
308 3283 1417
309 3127 1417
310 2997 1414
311 3332 1414
312 3237 1409
313 3199 1409
314 3101 1407
315 3390 1407
316 3440 1402
317 2951 1402
318 3020 1401
319 3309 1401
320 3413 1394
321 3078 1394
322 3161 1390
323 2997 1388
324 3332 1388
325 2938 1383
326 2875 1383
327 3101 1381
328 3390 1381
329 3139 1375
330 3020 1375
331 3309 1375
332 3413 1368
333 3078 1368
334 2799 1364
335 3599 1364
336 3332 1362
337 2997 1362
338 3101 1355
339 3390 1355
340 3269 1352
341 2919 1352
342 2837 1352
343 3020 1349
344 3309 1349
345 2875 1345
346 3078 1342
347 3413 1342
348 3484 1339
349 2970 1339
350 2997 1336
351 3332 1336
352 2913 1333
353 3101 1329
354 3390 1329
355 3309 1323
356 3243 1323
357 3020 1323
358 2957 1320
359 3154 1320
360 3078 1316
361 3413 1316
362 3611 1313
363 3332 1310
364 2997 1310
365 3101 1303
366 3390 1303
367 3309 1297
368 3020 1297
369 2849 1294
370 2875 1294
371 2900 1294
372 3542 1294
373 3413 1290
374 3078 1290
375 3173 1288
376 3332 1284
377 2997 1284
378 3101 1277
379 3390 1277
380 3309 1271
381 3020 1271
382 2767 1269
383 3078 1264
384 3413 1264
385 2602 1263
386 3127 1261
387 3283 1261
388 3332 1258
389 2997 1258
390 2881 1256
391 2792 1256
392 2557 1256
393 3101 1251
394 3390 1251
395 3478 1250
396 3020 1245
397 2919 1244
398 2818 1244
399 2519 1244
400 3078 1238
401 3413 1238
402 3293 1235
403 3267 1235
404 3241 1235
405 3215 1235
406 3189 1235
407 3163 1235
408 3137 1235
409 2997 1232
410 3332 1232
411 2881 1225
412 3098 1212
413 3124 1212
414 3150 1212
415 3176 1212
416 3202 1212
417 3228 1212
418 3254 1212
419 3280 1212
420 3306 1212
421 3413 1212
422 2589 1212
423 2570 1212
424 2997 1206
425 3020 1199
426 3390 1199
427 3459 1199
428 3484 1199
429 2659 1193
430 3413 1186
431 2938 1180
432 2997 1180
433 3065 1154
434 3117 1154
435 3143 1154
436 3169 1154
437 3195 1154
438 3221 1154
439 3247 1154
440 3273 1154
441 3299 1154
442 3345 1154
443 2926 1142
444 3052 1131
445 3078 1131
446 3104 1131
447 3130 1131
448 3156 1131
449 3182 1131
450 3208 1131
451 3234 1131
452 3260 1131
453 3286 1131
454 3312 1131
455 3338 1131
456 3364 1131
457 2741 1129
458 2862 1123
459 3065 1098
460 3034 1091
461 2875 1079
462 2792 1040
463 2900 1028
464 2837 1021
465 2945 1015
466 2862 1009
467 2938 831
468 3072 932
469 3059 952
470 3034 964
471 3065 971
472 3091 990
473 3205 983
474 3408 875
475 3459 920
476 3510 1015
477 3364 1015
478 3383 1028
479 3497 1028
480 3396 1053
481 3294 1053
482 3516 1072
483 3218 1098
484 3567 1104
485 3554 1123
486 3396 1123
487 3548 1142
488 3529 1155
489 3408 1161
490 3472 1174
491 3694 1301
492 3745 1275
493 3745 1021
