657
1 0 0
2 875 983
3 887 1040
4 875 1136
5 887 1275
6 887 1498
7 964 1504
8 1116 1212
9 1014 1148
10 1052 1136
11 1014 1059
12 1116 1059
13 1167 1015
14 1497 1040
15 1345 1034
16 1370 1053
17 1433 1059
18 1465 1059
19 1548 1059
20 1586 1059
21 1433 1098
22 1306 1110
23 1624 1110
24 1713 1110
25 1249 1117
26 1751 1136
27 1726 1161
28 1700 1174
29 1427 1174
30 1624 1186
31 1706 1212
32 1795 1225
33 1224 1225
34 1211 1237
35 1878 1237
36 1224 1250
37 1211 1263
38 1853 1263
39 1891 1275
40 1224 1275
41 1503 1288
42 1218 1294
43 1878 1301
44 1954 1301
45 1325 1307
46 1306 1320
47 1865 1320
48 2030 1333
49 1611 1333
50 1383 1333
51 1433 1339
52 2094 1339
53 1599 1352
54 1110 1364
55 1402 1364
56 1675 1364
57 2189 1364
58 1586 1371
59 1891 1377
60 1618 1383
61 1103 1390
62 1992 1390
63 2132 1390
64 1268 1402
65 1091 1415
66 1510 1415
67 1973 1415
68 2234 1428
69 1243 1428
70 1618 1440
71 1878 1466
72 1980 1472
73 1535 1479
74 1249 1479
75 1294 1491
76 2068 1491
77 2234 1504
78 1256 1504
79 1014 1517
80 1116 1517
81 1980 1517
82 2068 1517
83 2183 1517
84 2246 1517
85 1268 1523
86 1516 1542
87 1738 1542
88 2329 1542
89 2316 1555
90 2246 1555
91 1859 1555
92 1364 1555
93 1713 1561
94 1313 1567
95 2234 1567
96 2335 1567
97 2164 1580
98 1351 1580
99 1338 1593
100 1706 1593
101 2126 1599
102 1205 1612
103 1408 1618
104 1573 1618
105 1846 1618
106 1929 1618
107 2049 1618
108 2107 1618
109 2284 1618
110 2367 1644
111 2183 1644
112 2113 1644
113 2018 1644
114 1649 1644
115 1472 1644
116 1313 1644
117 1154 1663
118 951 1669
119 1503 1669
120 1599 1669
121 1738 1669
122 1929 1669
123 2037 1669
124 2234 1669
125 2462 1669
126 2564 1669
127 2640 1669
128 2430 1675
129 1129 1675
130 1091 1682
131 1141 1688
132 1002 1694
133 1262 1694
134 2742 1694
135 2297 1701
136 2570 1707
137 2716 1720
138 1167 1720
139 1014 1726
140 1694 1733
141 1262 1739
142 875 1739
143 1116 1745
144 2075 1745
145 2405 1745
146 2437 1745
147 2253 1758
148 1757 1771
149 1687 1771
150 1827 1783
151 2030 1783
152 2157 1796
153 2583 1796
154 2081 1802
155 1814 1809
156 1211 1815
157 1014 1821
158 1503 1821
159 2030 1821
160 2818 1821
161 2691 1834
162 1694 1834
163 1122 1834
164 989 1841
165 1103 1847
166 1421 1847
167 2030 1847
168 2132 1847
169 1249 1853
170 1624 1860
171 1681 1860
172 1624 1879
173 1230 1891
174 2919 1891
175 2716 1898
176 2475 1898
177 2265 1898
178 1865 1898
179 1249 1898
180 1903 1904
181 1306 1910
182 1325 1910
183 2843 1910
184 2938 1910
185 1891 1917
186 1243 1923
187 1294 1923
188 1376 1923
189 2348 1923
190 2786 1923
191 1141 1936
192 1287 1942
193 2316 1942
194 2678 1942
195 2976 1948
196 1275 1955
197 1141 1968
198 1275 1974
199 1294 1980
200 1300 1999
201 2996 1999
202 3097 1999
203 3116 2018
204 2761 2025
205 1516 2025
206 2805 2037
207 1205 2069
208 2005 2075
209 1929 2088
210 1281 2095
211 1002 2095
212 2576 2101
213 2849 2101
214 2951 2101
215 1948 2107
216 1662 2114
217 2824 2114
218 1313 2126
219 1243 2139
220 1973 2139
221 1154 2152
222 1789 2152
223 2805 2152
224 2227 2164
225 2100 2164
226 1579 2164
227 2081 2177
228 1929 2190
229 2151 2190
230 3097 2190
231 1148 2196
232 989 2202
233 1738 2202
234 2462 2202
235 1256 2209
236 1014 2209
237 1573 2222
238 913 2228
239 1110 2228
240 1167 2228
241 1351 2228
242 1745 2228
243 2075 2228
244 2170 2228
245 2500 2228
246 2824 2228
247 3148 2228
248 1840 2241
249 1586 2247
250 2361 2247
251 2094 2253
252 1846 2260
253 1948 2266
254 1205 2272
255 1643 2279
256 2170 2279
257 2564 2279
258 3148 2279
259 3002 2304
260 2170 2304
261 1808 2304
262 1230 2310
263 1116 2310
264 1281 2317
265 1306 2323
266 2881 2323
267 3053 2323
268 2608 2329
269 1910 2329
270 900 2329
271 2005 2336
272 1230 2342
273 2405 2342
274 2970 2342
275 2488 2355
276 1599 2355
277 1980 2361
278 2361 2361
279 2786 2361
280 3148 2380
281 3002 2380
282 2811 2380
283 2640 2380
284 2500 2380
285 2170 2380
286 2729 2393
287 2519 2393
288 1586 2393
289 1446 2393
290 1078 2393
291 1167 2406
292 2348 2406
293 1599 2431
294 1427 2431
295 1694 2444
296 2849 2444
297 2938 2444
298 3002 2450
299 1154 2450
300 1427 2456
301 1980 2456
302 2811 2456
303 2875 2469
304 1414 2469
305 2151 2495
306 2176 2507
307 3053 2507
308 1224 2514
309 1548 2533
310 1592 2533
311 1980 2533
312 2107 2533
313 2183 2533
314 2462 2533
315 2545 2533
316 2564 2533
317 2672 2533
318 1243 2545
319 2189 2558
320 2830 2558
321 1922 2564
322 1624 2564
323 1198 2564
324 1332 2577
325 1395 2583
326 1675 2583
327 1903 2583
328 2132 2583
329 2437 2583
330 2608 2583
331 2862 2590
332 2970 2590
333 2538 2609
334 2208 2609
335 1446 2609
336 1224 2622
337 2761 2628
338 3123 2634
339 2589 2634
340 2380 2634
341 1306 2634
342 1167 2641
343 1592 2647
344 2811 2647
345 2608 2660
346 1192 2660
347 1370 2672
348 1141 2685
349 1630 2685
350 1700 2685
351 1922 2685
352 2176 2685
353 2481 2685
354 2627 2685
355 2830 2685
356 2938 2685
357 3097 2685
358 2202 2698
359 2107 2698
360 2437 2704
361 2900 2704
362 1211 2710
363 2576 2717
364 2462 2736
365 1630 2736
366 1980 2749
367 2380 2749
368 2608 2761
369 2322 2761
370 1922 2761
371 1586 2761
372 1027 2768
373 1268 2774
374 2107 2787
375 2335 2787
376 2761 2787
377 2322 2799
378 1960 2799
379 2176 2812
380 2348 2812
381 2773 2812
382 2849 2818
383 2589 2825
384 2811 2837
385 2380 2837
386 2234 2837
387 1973 2837
388 1827 2837
389 1611 2837
390 1446 2837
391 1110 2837
392 1281 2850
393 2507 2857
394 2919 2863
395 2310 2863
396 2221 2863
397 2195 2863
398 1579 2863
399 1357 2876
400 983 2876
401 1440 2888
402 2062 2888
403 2234 2888
404 2322 2888
405 1446 2914
406 2081 2914
407 2246 2914
408 2335 2914
409 3230 2914
410 1173 2920
411 2176 2926
412 2589 2926
413 2348 2939
414 2259 2939
415 2107 2939
416 1446 2939
417 1110 2939
418 2570 2952
419 2786 2958
420 2195 2964
421 1179 2990
422 1446 2990
423 1579 2990
424 2081 2990
425 2176 2990
426 2246 2990
427 3173 2990
428 3275 2990
429 2665 3003
430 2488 3003
431 1745 3003
432 2119 3009
433 2018 3015
434 2361 3022
435 2462 3022
436 1764 3028
437 1618 3034
438 1218 3041
439 1116 3053
440 1395 3091
441 1738 1085
442 1776 1053
443 1878 1040
444 1764 1028
445 1630 1021
446 1668 1015
447 1789 996
448 1751 971
449 2005 971
450 1954 1002
451 2024 1002
452 2100 1002
453 2056 1009
454 2005 1021
455 2094 1040
456 2202 1040
457 2297 1040
458 2310 1066
459 2005 1079
460 2259 1085
461 2208 1104
462 2132 1110
463 1929 1110
464 1910 1123
465 1980 1123
466 2132 1148
467 1967 1155
468 2202 1174
469 1980 1180
470 1878 1206
471 2145 1263
472 2310 1320
473 2405 1339
474 2278 1009
475 2576 1028
476 2437 1059
477 2500 1155
478 2557 1155
479 2557 1212
480 2494 1237
481 2538 1364
482 2570 1364
483 2411 1371
484 2335 1390
485 2615 1390
486 2519 1396
487 2488 1415
488 2564 1415
489 2583 1428
490 2640 1434
491 2513 1440
492 2411 1453
493 2653 1479
494 2583 1491
495 2424 1491
496 2691 1504
497 2494 1517
498 2424 1517
499 2513 1542
500 2640 1555
501 2729 1567
502 2703 1580
503 2659 1580
504 2691 1599
505 2615 1618
506 2475 1618
507 2538 1644
508 2716 1644
509 2818 1669
510 2869 1669
511 2869 1764
512 2970 1764
513 2843 1409
514 2837 1390
515 2672 1313
516 2672 1275
517 2818 1275
518 2799 1250
519 2786 1237
520 2672 1110
521 2659 1059
522 2722 1040
523 2900 1040
524 2996 1040
525 2913 1009
526 2843 1009
527 2792 1009
528 2742 971
529 2900 1542
530 3046 1009
531 2970 1002
532 3097 1002
533 3148 1002
534 2996 971
535 3250 971
536 3211 996
537 3319 1002
538 3288 1040
539 3237 1098
540 3230 1123
541 3243 1136
542 3262 1148
543 3256 1301
544 3256 1453
545 3415 1390
546 3453 1421
547 3440 1440
548 3383 1466
549 3370 1479
550 3269 1485
551 3269 1504
552 3199 1510
553 3523 1510
554 3351 1542
555 3300 1548
556 3275 1567
557 3123 1587
558 3243 1593
559 3351 1593
560 3021 1618
561 3446 1656
562 3586 1656
563 3611 1656
564 3396 1663
565 3491 1694
566 3396 1694
567 3269 1694
568 3123 1796
569 3631 1796
570 3631 1847
571 3224 1853
572 3611 1898
573 3707 1923
574 3548 2037
575 3396 2050
576 3808 2101
577 3637 2126
578 3580 2126
579 3415 2152
580 3808 2152
581 3027 2158
582 3281 2202
583 3415 2228
584 3580 2228
585 3631 2228
586 3707 2228
587 3269 2241
588 3777 2279
589 3719 2310
590 3269 2361
591 3827 2380
592 3491 2406
593 3097 2425
594 3916 2437
595 3631 2450
596 3377 2450
597 3491 2456
598 3554 2469
599 3230 2476
600 3808 2482
601 3243 2488
602 3326 2507
603 3580 2533
604 3808 2533
605 3808 2558
606 3307 2558
607 3294 2571
608 3256 2583
609 3415 2583
610 3808 2583
611 3281 2596
612 3631 2647
613 3554 2736
614 3377 2780
615 3777 2780
616 3307 2825
617 3294 2850
618 3281 2863
619 3269 2876
620 3504 2876
621 3256 2888
622 3777 2895
623 3243 2901
624 3732 2971
625 3402 2990
626 3453 3041
627 3777 1872
628 3802 1682
629 3592 1498
630 3643 1333
631 3656 1320
632 3567 1256
633 3548 1244
634 3529 1218
635 3554 1180
636 3529 1167
637 3631 1148
638 3618 1136
639 3599 1123
640 3586 1110
641 3618 1091
642 3631 1079
643 3656 1015
644 3834 983
645 3859 983
646 3948 996
647 3967 971
648 3929 1301
649 4005 1390
650 3859 1428
651 3815 1460
652 3783 1485
653 3967 1542
654 3967 1714
655 3885 1796
656 3885 1847
657 3942 2037
