1400
1 2104 1968
2 2104 232
3 295 1968
4 295 232
5 1025 1971
6 1161 1965
7 1191 1959
8 1167 1959
9 1096 1959
10 1102 1953
11 1090 1953
12 1019 1953
13 1232 1941
14 1043 1941
15 1238 1935
16 1167 1935
17 1132 1935
18 1268 1929
19 1244 1929
20 1067 1929
21 1179 1924
22 1049 1924
23 1037 1924
24 1126 1918
25 1090 1918
26 984 1918
27 1327 1906
28 1031 1906
29 996 1906
30 1049 1900
31 1185 1894
32 1114 1894
33 1315 1882
34 1291 1882
35 1078 1882
36 1013 1876
37 1735 1746
38 741 1746
39 1729 1741
40 736 1741
41 1522 1723
42 529 1723
43 1185 1646
44 1569 1522
45 576 1522
46 1149 1445
47 617 1445
48 1031 1422
49 1108 1416
50 753 1416
51 1031 1410
52 594 1410
53 759 1398
54 605 1398
55 753 1274
56 659 1250
57 1268 1244
58 594 1244
59 611 1227
60 1279 1221
61 659 1156
62 1226 1002
63 1149 996
64 1610 973
65 1037 802
66 1315 796
67 1114 796
68 1090 796
69 1274 790
70 1132 790
71 1108 790
72 1013 790
73 1268 784
74 1114 784
75 1031 784
76 1664 778
77 1238 778
78 1096 778
79 1049 778
80 978 778
81 1232 772
82 1185 772
83 1078 772
84 1055 772
85 1019 772
86 1214 766
87 1191 766
88 1167 766
89 1084 766
90 1073 766
91 1232 760
92 1161 760
93 1262 754
94 1250 754
95 1179 754
96 1025 754
97 1268 748
98 1244 748
99 1173 748
100 1132 743
101 1120 743
102 1019 725
103 996 725
104 1037 719
105 1002 719
106 1173 559
107 1610 548
108 1173 548
109 1220 536
110 1073 1965
111 1049 1965
112 1138 1959
113 1114 1959
114 1055 1959
115 1735 1953
116 1274 1953
117 1250 1953
118 741 1953
119 1061 1941
120 1291 1935
121 1214 1929
122 1120 1929
123 1090 1924
124 1203 1918
125 1208 1912
126 1114 1912
127 1226 1906
128 1143 1906
129 1291 1900
130 1268 1900
131 1309 1894
132 1002 1894
133 978 1882
134 1090 1876
135 1569 1870
136 1522 1870
137 1155 1870
138 576 1870
139 529 1870
140 1185 1865
141 1090 1865
142 1729 1746
143 736 1746
144 2054 1516
145 1167 1516
146 1185 1487
147 310 1487
148 1185 1475
149 611 1422
150 617 1416
151 540 1410
152 605 1392
153 582 1392
154 1149 1274
155 759 1274
156 582 1274
157 1031 1227
158 540 1221
159 1268 1156
160 2054 1150
161 1167 1150
162 1279 1144
163 1185 1050
164 1173 1002
165 1664 996
166 1179 996
167 1327 802
168 1232 802
169 1090 802
170 984 802
171 1179 796
172 1167 796
173 1084 796
174 1061 796
175 1232 790
176 1262 784
177 1155 784
178 1132 784
179 1049 784
180 1220 778
181 1138 778
182 1019 778
183 1203 772
184 1149 766
185 1114 766
186 1309 760
187 1143 760
188 1049 760
189 1208 754
190 1185 754
191 1126 754
192 1102 754
193 1090 754
194 1067 754
195 1037 748
196 1043 743
197 1031 743
198 1291 731
199 1232 731
200 310 601
201 1229 1944
202 1099 1932
203 1206 1921
204 981 1921
205 1146 1909
206 1028 1909
207 1075 1885
208 981 1885
209 2057 1519
210 981 799
211 981 775
212 307 598
213 1164 1968
214 1070 1968
215 1052 1962
216 1732 1956
217 1271 1956
218 1247 1956
219 1022 1956
220 738 1956
221 1046 1944
222 1247 1932
223 1164 1932
224 1117 1932
225 1070 1932
226 1099 1927
227 1093 1921
228 1046 1921
229 1223 1909
230 1117 1909
231 999 1909
232 1294 1897
233 1271 1897
234 1188 1897
235 999 1897
236 1294 1885
237 1566 1873
238 1519 1873
239 1093 1873
240 573 1873
241 526 1873
242 1726 1749
243 733 1749
244 1188 1649
245 1164 1519
246 307 1490
247 608 1425
248 1028 1419
249 620 1413
250 597 1413
251 537 1413
252 608 1389
253 1152 1271
254 762 1271
255 750 1271
256 1271 1247
257 1282 1224
258 1034 1224
259 656 1153
260 2057 1147
261 1188 1047
262 1170 1005
263 1661 999
264 1182 994
265 1613 976
266 1164 799
267 1093 799
268 1081 799
269 1034 799
270 1229 793
271 1271 787
272 1259 787
273 1129 787
274 1105 787
275 1034 787
276 1217 781
277 1052 781
278 1235 775
279 1188 775
280 1093 775
281 1022 775
282 1206 769
283 1075 769
284 1052 769
285 1235 763
286 1211 763
287 1188 763
288 1152 763
289 1117 763
290 1176 751
291 1129 751
292 1105 751
293 1034 751
294 1022 751
295 1176 562
296 1631 2051
297 1631 2039
298 1631 2027
299 1619 2051
300 1619 2039
301 1619 2027
302 1608 2051
303 1608 2039
304 1608 2027
305 1596 2051
306 1596 2039
307 1596 2027
308 1584 2051
309 1584 2039
310 1584 2027
311 1572 2051
312 1572 2039
313 1572 2027
314 1560 2051
315 1560 2039
316 1560 2027
317 1548 2051
318 1548 2039
319 1548 2027
320 1537 2051
321 1537 2039
322 1537 2027
323 1525 2051
324 1525 2039
325 1525 2027
326 1513 2051
327 1513 2039
328 1513 2027
329 1501 2051
330 1501 2039
331 1501 2027
332 1489 2051
333 1489 2039
334 1489 2027
335 1625 2045
336 1625 2033
337 1613 2045
338 1613 2033
339 1602 2045
340 1602 2033
341 1590 2045
342 1590 2033
343 1578 2045
344 1578 2033
345 1566 2045
346 1566 2033
347 1554 2045
348 1554 2033
349 1542 2045
350 1542 2033
351 1531 2045
352 1531 2033
353 1519 2045
354 1519 2033
355 1507 2045
356 1507 2033
357 1495 2045
358 1495 2033
359 1625 2051
360 1625 2039
361 1625 2027
362 1613 2051
363 1613 2039
364 1613 2027
365 1602 2051
366 1602 2039
367 1602 2027
368 1590 2051
369 1590 2039
370 1590 2027
371 1578 2051
372 1578 2039
373 1578 2027
374 1566 2051
375 1566 2039
376 1566 2027
377 1554 2051
378 1554 2039
379 1554 2027
380 1542 2051
381 1542 2039
382 1542 2027
383 1531 2051
384 1531 2039
385 1531 2027
386 1519 2051
387 1519 2039
388 1519 2027
389 1507 2051
390 1507 2039
391 1507 2027
392 1495 2051
393 1495 2039
394 1495 2027
395 1631 2045
396 1631 2033
397 1619 2045
398 1619 2033
399 1608 2045
400 1608 2033
401 1596 2045
402 1596 2033
403 1584 2045
404 1584 2033
405 1572 2045
406 1572 2033
407 1560 2045
408 1560 2033
409 1548 2045
410 1548 2033
411 1537 2045
412 1537 2033
413 1525 2045
414 1525 2033
415 1513 2045
416 1513 2033
417 1501 2045
418 1501 2033
419 1489 2045
420 1489 2033
421 1628 2048
422 1628 2036
423 1616 2048
424 1616 2036
425 1605 2048
426 1605 2036
427 1593 2048
428 1593 2036
429 1581 2048
430 1581 2036
431 1569 2048
432 1569 2036
433 1557 2048
434 1557 2036
435 1545 2048
436 1545 2036
437 1534 2048
438 1534 2036
439 1522 2048
440 1522 2036
441 1510 2048
442 1510 2036
443 1498 2048
444 1498 2036
445 1622 2042
446 1622 2030
447 1610 2042
448 1610 2030
449 1599 2042
450 1599 2030
451 1587 2042
452 1587 2030
453 1575 2042
454 1575 2030
455 1563 2042
456 1563 2030
457 1551 2042
458 1551 2030
459 1540 2042
460 1540 2030
461 1528 2042
462 1528 2030
463 1516 2042
464 1516 2030
465 1504 2042
466 1504 2030
467 1492 2042
468 1492 2030
469 1628 2042
470 1628 2030
471 1616 2042
472 1616 2030
473 1605 2042
474 1605 2030
475 1593 2042
476 1593 2030
477 1581 2042
478 1581 2030
479 1569 2042
480 1569 2030
481 1557 2042
482 1557 2030
483 1545 2042
484 1545 2030
485 1534 2042
486 1534 2030
487 1522 2042
488 1522 2030
489 1510 2042
490 1510 2030
491 1498 2042
492 1498 2030
493 1622 2048
494 1622 2036
495 1610 2048
496 1610 2036
497 1599 2048
498 1599 2036
499 1587 2048
500 1587 2036
501 1575 2048
502 1575 2036
503 1563 2048
504 1563 2036
505 1551 2048
506 1551 2036
507 1540 2048
508 1540 2036
509 1528 2048
510 1528 2036
511 1516 2048
512 1516 2036
513 1504 2048
514 1504 2036
515 1492 2048
516 1492 2036
517 650 2051
518 650 2039
519 650 2027
520 638 2051
521 638 2039
522 638 2027
523 626 2051
524 626 2039
525 626 2027
526 614 2051
527 614 2039
528 614 2027
529 603 2051
530 603 2039
531 603 2027
532 591 2051
533 591 2039
534 591 2027
535 579 2051
536 579 2039
537 579 2027
538 567 2051
539 567 2039
540 567 2027
541 555 2051
542 555 2039
543 555 2027
544 543 2051
545 543 2039
546 543 2027
547 532 2051
548 532 2039
549 532 2027
550 520 2051
551 520 2039
552 520 2027
553 508 2051
554 508 2039
555 508 2027
556 644 2045
557 644 2033
558 632 2045
559 632 2033
560 620 2045
561 620 2033
562 608 2045
563 608 2033
564 597 2045
565 597 2033
566 585 2045
567 585 2033
568 573 2045
569 573 2033
570 561 2045
571 561 2033
572 549 2045
573 549 2033
574 537 2045
575 537 2033
576 526 2045
577 526 2033
578 514 2045
579 514 2033
580 644 2051
581 644 2039
582 644 2027
583 632 2051
584 632 2039
585 632 2027
586 620 2051
587 620 2039
588 620 2027
589 608 2051
590 608 2039
591 608 2027
592 597 2051
593 597 2039
594 597 2027
595 585 2051
596 585 2039
597 585 2027
598 573 2051
599 573 2039
600 573 2027
601 561 2051
602 561 2039
603 561 2027
604 549 2051
605 549 2039
606 549 2027
607 537 2051
608 537 2039
609 537 2027
610 526 2051
611 526 2039
612 526 2027
613 514 2051
614 514 2039
615 514 2027
616 650 2045
617 650 2033
618 638 2045
619 638 2033
620 626 2045
621 626 2033
622 614 2045
623 614 2033
624 603 2045
625 603 2033
626 591 2045
627 591 2033
628 579 2045
629 579 2033
630 567 2045
631 567 2033
632 555 2045
633 555 2033
634 543 2045
635 543 2033
636 532 2045
637 532 2033
638 520 2045
639 520 2033
640 508 2045
641 508 2033
642 647 2048
643 647 2036
644 635 2048
645 635 2036
646 623 2048
647 623 2036
648 611 2048
649 611 2036
650 600 2048
651 600 2036
652 588 2048
653 588 2036
654 576 2048
655 576 2036
656 564 2048
657 564 2036
658 552 2048
659 552 2036
660 540 2048
661 540 2036
662 529 2048
663 529 2036
664 517 2048
665 517 2036
666 641 2042
667 641 2030
668 629 2042
669 629 2030
670 617 2042
671 617 2030
672 605 2042
673 605 2030
674 594 2042
675 594 2030
676 582 2042
677 582 2030
678 570 2042
679 570 2030
680 558 2042
681 558 2030
682 546 2042
683 546 2030
684 535 2042
685 535 2030
686 523 2042
687 523 2030
688 511 2042
689 511 2030
690 647 2042
691 647 2030
692 635 2042
693 635 2030
694 623 2042
695 623 2030
696 611 2042
697 611 2030
698 600 2042
699 600 2030
700 588 2042
701 588 2030
702 576 2042
703 576 2030
704 564 2042
705 564 2030
706 552 2042
707 552 2030
708 540 2042
709 540 2030
710 529 2042
711 529 2030
712 517 2042
713 517 2030
714 641 2048
715 641 2036
716 629 2048
717 629 2036
718 617 2048
719 617 2036
720 605 2048
721 605 2036
722 594 2048
723 594 2036
724 582 2048
725 582 2036
726 570 2048
727 570 2036
728 558 2048
729 558 2036
730 546 2048
731 546 2036
732 535 2048
733 535 2036
734 523 2048
735 523 2036
736 511 2048
737 511 2036
738 1631 173
739 1631 161
740 1631 149
741 1619 173
742 1619 161
743 1619 149
744 1608 173
745 1608 161
746 1608 149
747 1596 173
748 1596 161
749 1596 149
750 1584 173
751 1584 161
752 1584 149
753 1572 173
754 1572 161
755 1572 149
756 1560 173
757 1560 161
758 1560 149
759 1548 173
760 1548 161
761 1548 149
762 1537 173
763 1537 161
764 1537 149
765 1525 173
766 1525 161
767 1525 149
768 1513 173
769 1513 161
770 1513 149
771 1501 173
772 1501 161
773 1501 149
774 1489 173
775 1489 161
776 1489 149
777 1625 167
778 1625 155
779 1613 167
780 1613 155
781 1602 167
782 1602 155
783 1590 167
784 1590 155
785 1578 167
786 1578 155
787 1566 167
788 1566 155
789 1554 167
790 1554 155
791 1542 167
792 1542 155
793 1531 167
794 1531 155
795 1519 167
796 1519 155
797 1507 167
798 1507 155
799 1495 167
800 1495 155
801 1625 173
802 1625 161
803 1625 149
804 1613 173
805 1613 161
806 1613 149
807 1602 173
808 1602 161
809 1602 149
810 1590 173
811 1590 161
812 1590 149
813 1578 173
814 1578 161
815 1578 149
816 1566 173
817 1566 161
818 1566 149
819 1554 173
820 1554 161
821 1554 149
822 1542 173
823 1542 161
824 1542 149
825 1531 173
826 1531 161
827 1531 149
828 1519 173
829 1519 161
830 1519 149
831 1507 173
832 1507 161
833 1507 149
834 1495 173
835 1495 161
836 1495 149
837 1631 167
838 1631 155
839 1619 167
840 1619 155
841 1608 167
842 1608 155
843 1596 167
844 1596 155
845 1584 167
846 1584 155
847 1572 167
848 1572 155
849 1560 167
850 1560 155
851 1548 167
852 1548 155
853 1537 167
854 1537 155
855 1525 167
856 1525 155
857 1513 167
858 1513 155
859 1501 167
860 1501 155
861 1489 167
862 1489 155
863 1628 170
864 1628 158
865 1616 170
866 1616 158
867 1605 170
868 1605 158
869 1593 170
870 1593 158
871 1581 170
872 1581 158
873 1569 170
874 1569 158
875 1557 170
876 1557 158
877 1545 170
878 1545 158
879 1534 170
880 1534 158
881 1522 170
882 1522 158
883 1510 170
884 1510 158
885 1498 170
886 1498 158
887 1622 164
888 1622 152
889 1610 164
890 1610 152
891 1599 164
892 1599 152
893 1587 164
894 1587 152
895 1575 164
896 1575 152
897 1563 164
898 1563 152
899 1551 164
900 1551 152
901 1540 164
902 1540 152
903 1528 164
904 1528 152
905 1516 164
906 1516 152
907 1504 164
908 1504 152
909 1492 164
910 1492 152
911 1628 164
912 1628 152
913 1616 164
914 1616 152
915 1605 164
916 1605 152
917 1593 164
918 1593 152
919 1581 164
920 1581 152
921 1569 164
922 1569 152
923 1557 164
924 1557 152
925 1545 164
926 1545 152
927 1534 164
928 1534 152
929 1522 164
930 1522 152
931 1510 164
932 1510 152
933 1498 164
934 1498 152
935 1622 170
936 1622 158
937 1610 170
938 1610 158
939 1599 170
940 1599 158
941 1587 170
942 1587 158
943 1575 170
944 1575 158
945 1563 170
946 1563 158
947 1551 170
948 1551 158
949 1540 170
950 1540 158
951 1528 170
952 1528 158
953 1516 170
954 1516 158
955 1504 170
956 1504 158
957 1492 170
958 1492 158
959 650 173
960 650 161
961 650 149
962 638 173
963 638 161
964 638 149
965 626 173
966 626 161
967 626 149
968 614 173
969 614 161
970 614 149
971 603 173
972 603 161
973 603 149
974 591 173
975 591 161
976 591 149
977 579 173
978 579 161
979 579 149
980 567 173
981 567 161
982 567 149
983 555 173
984 555 161
985 555 149
986 543 173
987 543 161
988 543 149
989 532 173
990 532 161
991 532 149
992 520 173
993 520 161
994 520 149
995 508 173
996 508 161
997 508 149
998 644 167
999 644 155
1000 632 167
1001 632 155
1002 620 167
1003 620 155
1004 608 167
1005 608 155
1006 597 167
1007 597 155
1008 585 167
1009 585 155
1010 573 167
1011 573 155
1012 561 167
1013 561 155
1014 549 167
1015 549 155
1016 537 167
1017 537 155
1018 526 167
1019 526 155
1020 514 167
1021 514 155
1022 644 173
1023 644 161
1024 644 149
1025 632 173
1026 632 161
1027 632 149
1028 620 173
1029 620 161
1030 620 149
1031 608 173
1032 608 161
1033 608 149
1034 597 173
1035 597 161
1036 597 149
1037 585 173
1038 585 161
1039 585 149
1040 573 173
1041 573 161
1042 573 149
1043 561 173
1044 561 161
1045 561 149
1046 549 173
1047 549 161
1048 549 149
1049 537 173
1050 537 161
1051 537 149
1052 526 173
1053 526 161
1054 526 149
1055 514 173
1056 514 161
1057 514 149
1058 650 167
1059 650 155
1060 638 167
1061 638 155
1062 626 167
1063 626 155
1064 614 167
1065 614 155
1066 603 167
1067 603 155
1068 591 167
1069 591 155
1070 579 167
1071 579 155
1072 567 167
1073 567 155
1074 555 167
1075 555 155
1076 543 167
1077 543 155
1078 532 167
1079 532 155
1080 520 167
1081 520 155
1082 508 167
1083 508 155
1084 647 170
1085 647 158
1086 635 170
1087 635 158
1088 623 170
1089 623 158
1090 611 170
1091 611 158
1092 600 170
1093 600 158
1094 588 170
1095 588 158
1096 576 170
1097 576 158
1098 564 170
1099 564 158
1100 552 170
1101 552 158
1102 540 170
1103 540 158
1104 529 170
1105 529 158
1106 517 170
1107 517 158
1108 641 164
1109 641 152
1110 629 164
1111 629 152
1112 617 164
1113 617 152
1114 605 164
1115 605 152
1116 594 164
1117 594 152
1118 582 164
1119 582 152
1120 570 164
1121 570 152
1122 558 164
1123 558 152
1124 546 164
1125 546 152
1126 535 164
1127 535 152
1128 523 164
1129 523 152
1130 511 164
1131 511 152
1132 647 164
1133 647 152
1134 635 164
1135 635 152
1136 623 164
1137 623 152
1138 611 164
1139 611 152
1140 600 164
1141 600 152
1142 588 164
1143 588 152
1144 576 164
1145 576 152
1146 564 164
1147 564 152
1148 552 164
1149 552 152
1150 540 164
1151 540 152
1152 529 164
1153 529 152
1154 517 164
1155 517 152
1156 641 170
1157 641 158
1158 629 170
1159 629 158
1160 617 170
1161 617 158
1162 605 170
1163 605 158
1164 594 170
1165 594 158
1166 582 170
1167 582 158
1168 570 170
1169 570 158
1170 558 170
1171 558 158
1172 546 170
1173 546 158
1174 535 170
1175 535 158
1176 523 170
1177 523 158
1178 511 170
1179 511 158
1180 1888 2048
1181 1877 2048
1182 1853 2048
1183 1841 2048
1184 1829 2048
1185 1782 2048
1186 1746 2048
1187 1723 2048
1188 1711 2048
1189 1676 2048
1190 1652 2048
1191 907 2048
1192 895 2048
1193 871 2048
1194 860 2048
1195 848 2048
1196 801 2048
1197 765 2048
1198 741 2048
1199 730 2048
1200 694 2048
1201 670 2048
1202 1871 2042
1203 1800 2042
1204 1776 2042
1205 1752 2042
1206 889 2042
1207 818 2042
1208 795 2042
1209 771 2042
1210 1877 2036
1211 1853 2036
1212 1841 2036
1213 1746 2036
1214 1723 2036
1215 1699 2036
1216 895 2036
1217 871 2036
1218 860 2036
1219 765 2036
1220 741 2036
1221 718 2036
1222 1894 2030
1223 1871 2030
1224 1859 2030
1225 1823 2030
1226 1811 2030
1227 1800 2030
1228 1776 2030
1229 1764 2030
1230 1752 2030
1231 913 2030
1232 889 2030
1233 877 2030
1234 842 2030
1235 830 2030
1236 818 2030
1237 795 2030
1238 783 2030
1239 771 2030
1240 1888 170
1241 1877 170
1242 1853 170
1243 1841 170
1244 1829 170
1245 1782 170
1246 1746 170
1247 1723 170
1248 1711 170
1249 1676 170
1250 1652 170
1251 907 170
1252 895 170
1253 871 170
1254 860 170
1255 848 170
1256 801 170
1257 765 170
1258 741 170
1259 730 170
1260 694 170
1261 670 170
1262 1871 164
1263 1800 164
1264 1776 164
1265 1752 164
1266 889 164
1267 818 164
1268 795 164
1269 771 164
1270 1877 158
1271 1853 158
1272 1841 158
1273 1746 158
1274 1723 158
1275 1699 158
1276 895 158
1277 871 158
1278 860 158
1279 765 158
1280 741 158
1281 718 158
1282 1894 152
1283 1871 152
1284 1859 152
1285 1823 152
1286 1811 152
1287 1800 152
1288 1776 152
1289 1764 152
1290 1752 152
1291 913 152
1292 889 152
1293 877 152
1294 842 152
1295 830 152
1296 818 152
1297 795 152
1298 783 152
1299 771 152
1300 1894 2048
1301 1882 2048
1302 1859 2048
1303 1811 2048
1304 1764 2048
1305 1670 2048
1306 913 2048
1307 901 2048
1308 877 2048
1309 830 2048
1310 783 2048
1311 688 2048
1312 1888 2042
1313 1829 2042
1314 1735 2042
1315 1699 2042
1316 1676 2042
1317 907 2042
1318 848 2042
1319 753 2042
1320 718 2042
1321 694 2042
1322 1882 2036
1323 1823 2036
1324 1670 2036
1325 901 2036
1326 842 2036
1327 688 2036
1328 1782 2030
1329 1735 2030
1330 1711 2030
1331 1652 2030
1332 801 2030
1333 753 2030
1334 730 2030
1335 670 2030
1336 1894 170
1337 1882 170
1338 1859 170
1339 1811 170
1340 1764 170
1341 1670 170
1342 913 170
1343 901 170
1344 877 170
1345 830 170
1346 783 170
1347 688 170
1348 1888 164
1349 1829 164
1350 1735 164
1351 1699 164
1352 1676 164
1353 907 164
1354 848 164
1355 753 164
1356 718 164
1357 694 164
1358 1882 158
1359 1823 158
1360 1670 158
1361 901 158
1362 842 158
1363 688 158
1364 1782 152
1365 1735 152
1366 1711 152
1367 1652 152
1368 801 152
1369 753 152
1370 730 152
1371 670 152
1372 1891 2051
1373 1678 2051
1374 910 2051
1375 697 2051
1376 1732 2045
1377 750 2045
1378 1891 2039
1379 1678 2039
1380 910 2039
1381 697 2039
1382 1838 2033
1383 857 2033
1384 1785 2027
1385 804 2027
1386 1891 173
1387 1678 173
1388 910 173
1389 697 173
1390 1732 167
1391 750 167
1392 1891 161
1393 1678 161
1394 910 161
1395 697 161
1396 1838 155
1397 857 155
1398 1785 149
1399 804 149
1400 0 0
