1577
1 1214 1959
2 1226 1959
3 1238 1959
4 1250 1959
5 1262 1959
6 1285 1959
7 1297 1959
8 1350 1965
9 1380 1971
10 1392 1971
11 1303 1953
12 1173 1941
13 1185 1941
14 1197 1941
15 1208 1941
16 1339 1941
17 1350 1941
18 1362 1941
19 1374 1941
20 1386 1941
21 1398 1941
22 1262 1935
23 1250 1935
24 1238 1935
25 1226 1935
26 1214 1935
27 1155 1935
28 1143 1935
29 1132 1935
30 1120 1935
31 1108 1935
32 1138 1929
33 1149 1929
34 1161 1929
35 1173 1929
36 1185 1929
37 1303 1929
38 1315 1929
39 1327 1929
40 1339 1929
41 1350 1929
42 1356 1924
43 1344 1924
44 1333 1924
45 1321 1924
46 1309 1924
47 1214 1924
48 1203 1924
49 1191 1924
50 1179 1924
51 1197 1918
52 1208 1918
53 1279 1918
54 1291 1918
55 1303 1918
56 1386 1918
57 1398 1918
58 1409 1918
59 1226 1912
60 1214 1912
61 1203 1912
62 1191 1912
63 1078 1906
64 1090 1906
65 1102 1906
66 1114 1906
67 1126 1906
68 1138 1906
69 1149 1906
70 1256 1906
71 1268 1906
72 1279 1906
73 1291 1906
74 1303 1906
75 1339 1906
76 1350 1906
77 1362 1906
78 1344 1900
79 1333 1900
80 1321 1900
81 1309 1900
82 1279 1894
83 1268 1894
84 1256 1894
85 1244 1894
86 1149 1894
87 1138 1894
88 1126 1894
89 1114 1894
90 1102 1894
91 1090 1894
92 1285 1888
93 1297 1888
94 1309 1888
95 1321 1888
96 1409 1882
97 1398 1882
98 1386 1882
99 1303 1882
100 1291 1882
101 1279 1882
102 1126 1882
103 1114 1882
104 1102 1882
105 1090 1882
106 1333 1876
107 1344 1876
108 1356 1876
109 1368 1876
110 1380 1876
111 1374 1870
112 1362 1870
113 1350 1870
114 1339 1870
115 1327 1870
116 1244 1870
117 1232 1870
118 1220 1870
119 1208 1870
120 1197 1870
121 1185 1870
122 1173 1870
123 1161 1870
124 1149 1870
125 1138 1870
126 1214 1865
127 1226 1865
128 1238 1865
129 1250 1865
130 1262 1865
131 1274 1865
132 1285 1865
133 1297 1865
134 1309 1865
135 1664 1746
136 670 1746
137 676 1741
138 688 1741
139 700 1741
140 712 1741
141 724 1741
142 736 1741
143 1670 1741
144 1681 1741
145 1693 1741
146 1705 1741
147 1717 1741
148 1729 1741
149 1865 1723
150 1853 1723
151 871 1723
152 860 1723
153 777 1522
154 789 1522
155 801 1522
156 812 1522
157 824 1522
158 1770 1522
159 1782 1522
160 1794 1522
161 1806 1522
162 1817 1522
163 1244 1516
164 1232 1516
165 1220 1516
166 1208 1516
167 1197 1516
168 1185 1516
169 1173 1516
170 1161 1516
171 1149 1516
172 1138 1516
173 1126 1516
174 1114 1516
175 1102 1516
176 1090 1516
177 1078 1516
178 1067 1516
179 1055 1516
180 1043 1516
181 1031 1516
182 1019 1516
183 1007 1516
184 996 1516
185 984 1516
186 972 1516
187 960 1516
188 948 1516
189 937 1516
190 925 1516
191 913 1516
192 901 1516
193 889 1516
194 877 1516
195 866 1516
196 854 1516
197 842 1516
198 830 1516
199 818 1516
200 806 1516
201 795 1516
202 783 1516
203 771 1516
204 759 1516
205 747 1516
206 736 1516
207 724 1516
208 712 1516
209 700 1516
210 688 1516
211 676 1516
212 665 1516
213 653 1516
214 641 1516
215 629 1516
216 617 1516
217 605 1516
218 594 1516
219 582 1516
220 570 1516
221 558 1516
222 546 1516
223 535 1516
224 523 1516
225 511 1516
226 499 1516
227 487 1516
228 475 1516
229 464 1516
230 452 1516
231 440 1516
232 428 1516
233 416 1516
234 404 1516
235 393 1516
236 381 1516
237 369 1516
238 357 1516
239 345 1516
240 375 1487
241 387 1487
242 399 1487
243 410 1487
244 422 1487
245 434 1487
246 446 1487
247 458 1487
248 469 1487
249 481 1487
250 493 1487
251 505 1487
252 517 1487
253 529 1487
254 540 1487
255 552 1487
256 564 1487
257 576 1487
258 588 1487
259 600 1487
260 611 1487
261 623 1487
262 635 1487
263 647 1487
264 659 1487
265 670 1487
266 682 1487
267 694 1487
268 706 1487
269 718 1487
270 730 1487
271 741 1487
272 753 1487
273 765 1487
274 777 1487
275 789 1487
276 801 1487
277 812 1487
278 824 1487
279 836 1487
280 848 1487
281 860 1487
282 871 1487
283 883 1487
284 895 1487
285 907 1487
286 919 1487
287 931 1487
288 942 1487
289 954 1487
290 966 1487
291 978 1487
292 990 1487
293 1002 1487
294 1013 1487
295 1025 1487
296 1037 1487
297 1049 1487
298 1061 1487
299 1073 1487
300 1084 1487
301 1096 1487
302 1108 1487
303 1120 1487
304 1132 1487
305 1143 1487
306 1155 1487
307 1167 1487
308 1179 1487
309 1191 1487
310 1203 1487
311 1214 1487
312 2066 1475
313 2054 1475
314 2042 1475
315 2030 1475
316 2018 1475
317 2007 1475
318 1995 1475
319 1983 1475
320 1971 1475
321 1959 1475
322 1947 1475
323 1936 1475
324 1924 1475
325 1912 1475
326 1900 1475
327 1888 1475
328 1877 1475
329 1865 1475
330 1853 1475
331 1841 1475
332 1829 1475
333 1817 1475
334 1806 1475
335 1794 1475
336 1782 1475
337 1770 1475
338 1758 1475
339 1746 1475
340 1735 1475
341 1723 1475
342 1711 1475
343 1699 1475
344 1687 1475
345 1676 1475
346 1664 1475
347 1652 1475
348 1640 1475
349 1628 1475
350 1616 1475
351 1605 1475
352 1593 1475
353 1581 1475
354 1569 1475
355 1557 1475
356 1545 1475
357 1534 1475
358 1522 1475
359 1510 1475
360 1498 1475
361 1486 1475
362 1475 1475
363 1463 1475
364 1451 1475
365 1439 1475
366 1427 1475
367 1415 1475
368 1404 1475
369 1392 1475
370 1380 1475
371 1368 1475
372 1356 1475
373 1344 1475
374 1333 1475
375 1321 1475
376 1309 1475
377 1297 1475
378 1285 1475
379 1274 1475
380 1262 1475
381 1250 1475
382 1238 1475
383 1226 1475
384 1214 1475
385 1256 1445
386 1268 1445
387 1279 1445
388 1291 1445
389 1303 1445
390 1315 1445
391 1327 1445
392 1339 1445
393 1350 1445
394 1362 1445
395 1374 1445
396 1386 1445
397 1398 1445
398 1409 1445
399 1421 1445
400 1433 1445
401 1445 1445
402 1457 1445
403 1469 1445
404 1480 1445
405 1492 1445
406 1504 1445
407 1516 1445
408 1528 1445
409 1540 1445
410 1551 1445
411 1563 1445
412 1575 1445
413 1587 1445
414 1599 1445
415 1610 1445
416 1622 1445
417 1634 1445
418 1646 1445
419 1658 1445
420 1670 1445
421 1681 1445
422 1693 1445
423 1705 1445
424 1717 1445
425 1729 1445
426 1741 1445
427 1752 1445
428 1764 1445
429 1776 1445
430 1782 1416
431 1770 1416
432 1758 1416
433 1746 1416
434 1735 1416
435 1723 1416
436 1711 1416
437 1699 1416
438 1687 1416
439 1676 1416
440 1664 1416
441 1652 1416
442 1368 1416
443 1356 1416
444 1344 1416
445 1333 1416
446 1321 1416
447 1309 1416
448 1297 1416
449 1374 1410
450 1386 1410
451 1398 1410
452 1409 1410
453 1421 1410
454 1433 1410
455 1445 1410
456 1457 1410
457 1469 1410
458 1480 1410
459 1492 1410
460 1504 1410
461 1516 1410
462 1528 1410
463 1540 1410
464 1551 1410
465 1563 1410
466 1575 1410
467 1587 1410
468 1599 1410
469 1610 1410
470 1622 1410
471 1634 1410
472 1646 1410
473 1658 1410
474 1670 1410
475 1681 1410
476 1693 1410
477 1705 1410
478 1717 1410
479 1729 1410
480 1741 1410
481 1752 1410
482 1764 1410
483 1776 1410
484 1788 1410
485 1800 1410
486 1811 1410
487 1823 1410
488 1835 1410
489 1847 1410
490 1788 1398
491 1776 1398
492 1764 1398
493 1752 1398
494 1741 1398
495 1729 1398
496 1717 1398
497 1705 1398
498 1693 1398
499 1681 1398
500 1670 1398
501 1658 1398
502 1646 1398
503 1782 1392
504 1794 1392
505 1806 1392
506 1817 1392
507 1817 1274
508 1806 1274
509 1794 1274
510 1782 1274
511 1770 1274
512 1758 1274
513 1746 1274
514 1735 1274
515 1723 1274
516 1711 1274
517 1699 1274
518 1687 1274
519 1676 1274
520 1664 1274
521 1652 1274
522 1640 1274
523 1628 1274
524 1616 1274
525 1605 1274
526 1593 1274
527 1581 1274
528 1569 1274
529 1557 1274
530 1545 1274
531 1534 1274
532 1522 1274
533 1510 1274
534 1498 1274
535 1486 1274
536 1475 1274
537 1463 1274
538 1451 1274
539 1439 1274
540 1427 1274
541 1415 1274
542 1404 1274
543 1392 1274
544 1380 1274
545 1368 1274
546 1356 1274
547 1344 1274
548 1333 1274
549 1321 1274
550 1309 1274
551 1297 1274
552 1285 1274
553 1274 1274
554 1262 1274
555 1250 1274
556 1238 1274
557 1120 1250
558 1132 1250
559 1143 1250
560 1155 1250
561 1167 1250
562 1179 1250
563 1191 1250
564 1203 1250
565 1214 1250
566 1226 1250
567 1238 1250
568 1250 1250
569 1262 1250
570 1274 1250
571 1285 1250
572 1297 1250
573 1309 1250
574 1321 1250
575 1333 1250
576 1344 1250
577 1356 1250
578 1368 1250
579 1380 1250
580 1392 1250
581 1404 1250
582 1415 1250
583 1427 1250
584 1439 1250
585 1451 1250
586 1463 1250
587 1475 1250
588 1486 1250
589 1498 1250
590 1510 1250
591 1522 1250
592 1534 1250
593 1545 1250
594 1557 1250
595 1569 1250
596 1581 1250
597 1593 1250
598 1605 1250
599 1616 1250
600 1628 1250
601 1640 1250
602 1652 1250
603 1664 1250
604 1676 1250
605 1687 1250
606 1699 1250
607 1711 1250
608 1723 1250
609 1735 1250
610 1800 1244
611 1788 1244
612 1776 1244
613 1764 1244
614 1752 1244
615 1741 1244
616 1729 1244
617 1717 1244
618 1705 1244
619 1693 1244
620 1681 1244
621 1670 1244
622 1658 1244
623 1646 1244
624 1634 1244
625 1622 1244
626 1610 1244
627 1599 1244
628 1587 1244
629 1575 1244
630 1563 1244
631 1551 1244
632 1540 1244
633 1528 1244
634 1516 1244
635 1504 1244
636 1492 1244
637 1480 1244
638 1469 1244
639 1457 1244
640 1445 1244
641 1433 1244
642 1421 1244
643 1409 1244
644 1398 1244
645 1386 1244
646 1374 1244
647 1362 1244
648 1350 1244
649 1339 1244
650 1327 1244
651 1315 1244
652 1303 1244
653 1291 1244
654 1279 1244
655 1268 1244
656 1256 1244
657 1244 1244
658 1238 1227
659 1250 1227
660 1262 1227
661 1274 1227
662 1285 1227
663 1297 1227
664 1309 1227
665 1321 1227
666 1333 1227
667 1344 1227
668 1356 1227
669 1368 1227
670 1380 1227
671 1392 1227
672 1404 1227
673 1415 1227
674 1427 1227
675 1439 1227
676 1451 1227
677 1463 1227
678 1475 1227
679 1486 1227
680 1498 1227
681 1510 1227
682 1522 1227
683 1534 1227
684 1545 1227
685 1557 1227
686 1569 1227
687 1581 1227
688 1593 1227
689 1605 1227
690 1616 1227
691 1628 1227
692 1640 1227
693 1652 1227
694 1664 1227
695 1676 1227
696 1687 1227
697 1699 1227
698 1711 1227
699 1723 1227
700 1735 1227
701 1746 1227
702 1758 1227
703 1770 1227
704 1782 1227
705 1859 1221
706 1847 1221
707 1835 1221
708 1823 1221
709 1811 1221
710 1800 1221
711 1788 1221
712 1776 1221
713 1764 1221
714 1752 1221
715 1741 1221
716 1729 1221
717 1717 1221
718 1705 1221
719 1693 1221
720 1681 1221
721 1670 1221
722 1658 1221
723 1646 1221
724 1634 1221
725 1622 1221
726 1610 1221
727 1599 1221
728 1587 1221
729 1575 1221
730 1563 1221
731 1551 1221
732 1540 1221
733 1528 1221
734 1516 1221
735 1504 1221
736 1492 1221
737 1480 1221
738 1469 1221
739 1457 1221
740 1445 1221
741 1433 1221
742 1421 1221
743 1409 1221
744 1398 1221
745 1386 1221
746 1132 1156
747 1143 1156
748 1155 1156
749 1167 1156
750 1179 1156
751 1191 1156
752 1203 1156
753 1214 1156
754 1226 1156
755 1238 1156
756 1250 1156
757 1262 1156
758 1274 1156
759 1285 1156
760 1297 1156
761 1309 1156
762 1321 1156
763 1333 1156
764 1344 1156
765 1356 1156
766 1368 1156
767 1380 1156
768 1392 1156
769 1404 1156
770 1415 1156
771 1427 1156
772 1439 1156
773 1451 1156
774 1463 1156
775 1475 1156
776 1486 1156
777 1498 1156
778 1510 1156
779 1522 1156
780 1534 1156
781 1545 1156
782 1557 1156
783 1569 1156
784 1581 1156
785 1593 1156
786 1605 1156
787 1616 1156
788 1628 1156
789 1640 1156
790 1652 1156
791 1664 1156
792 1676 1156
793 1687 1156
794 1699 1156
795 1711 1156
796 1723 1156
797 1735 1156
798 1746 1156
799 1232 1150
800 1220 1150
801 1208 1150
802 1197 1150
803 1185 1150
804 1173 1150
805 1161 1150
806 1149 1150
807 1138 1150
808 1126 1150
809 1114 1150
810 1102 1150
811 1090 1150
812 1078 1150
813 1067 1150
814 1055 1150
815 1043 1150
816 1031 1150
817 1019 1150
818 1007 1150
819 996 1150
820 984 1150
821 972 1150
822 960 1150
823 948 1150
824 937 1150
825 925 1150
826 913 1150
827 901 1150
828 889 1150
829 877 1150
830 866 1150
831 854 1150
832 842 1150
833 830 1150
834 818 1150
835 806 1150
836 795 1150
837 783 1150
838 771 1150
839 759 1150
840 747 1150
841 736 1150
842 724 1150
843 712 1150
844 700 1150
845 688 1150
846 676 1150
847 665 1150
848 653 1150
849 641 1150
850 629 1150
851 617 1150
852 605 1150
853 594 1150
854 582 1150
855 570 1150
856 558 1150
857 546 1150
858 535 1150
859 523 1150
860 511 1150
861 499 1150
862 487 1150
863 475 1150
864 464 1150
865 452 1150
866 440 1150
867 428 1150
868 416 1150
869 404 1150
870 393 1150
871 381 1150
872 369 1150
873 357 1150
874 345 1150
875 334 1150
876 1120 1144
877 1132 1144
878 1143 1144
879 1155 1144
880 1167 1144
881 1179 1144
882 1191 1144
883 1203 1144
884 1214 1144
885 1226 1144
886 1238 1144
887 1250 1144
888 1262 1144
889 1274 1144
890 1285 1144
891 1297 1144
892 1309 1144
893 1321 1144
894 1333 1144
895 1344 1144
896 1356 1144
897 1368 1144
898 1380 1144
899 1392 1144
900 1404 1144
901 1415 1144
902 1427 1144
903 1439 1144
904 1451 1144
905 1463 1144
906 1475 1144
907 1486 1144
908 1498 1144
909 1510 1144
910 1522 1144
911 1534 1144
912 1545 1144
913 1557 1144
914 1569 1144
915 1581 1144
916 1593 1144
917 1605 1144
918 1616 1144
919 1628 1144
920 1640 1144
921 1652 1144
922 1664 1144
923 1676 1144
924 1687 1144
925 1699 1144
926 1711 1144
927 1723 1144
928 1735 1144
929 1226 1002
930 1214 1002
931 1203 1002
932 1191 1002
933 1179 1002
934 1220 996
935 1232 996
936 1244 996
937 1415 802
938 1404 802
939 1392 802
940 1380 802
941 1368 802
942 1356 802
943 1344 802
944 1309 802
945 1297 802
946 1285 802
947 1274 802
948 1262 802
949 1250 802
950 1214 802
951 1203 802
952 1191 802
953 1179 802
954 1167 802
955 1132 802
956 1120 802
957 1108 802
958 1096 802
959 1084 802
960 1073 802
961 1090 796
962 1102 796
963 1114 796
964 1126 796
965 1138 796
966 1149 796
967 1161 796
968 1173 796
969 1185 796
970 1197 796
971 1220 796
972 1232 796
973 1244 796
974 1256 796
975 1268 796
976 1279 796
977 1339 796
978 1350 796
979 1362 796
980 1374 796
981 1380 790
982 1368 790
983 1356 790
984 1344 790
985 1333 790
986 1262 790
987 1250 790
988 1238 790
989 1226 790
990 1167 790
991 1155 790
992 1143 790
993 1132 790
994 1208 784
995 1220 784
996 1232 784
997 1244 784
998 1291 784
999 1303 784
1000 1315 784
1001 1327 784
1002 1339 784
1003 1350 784
1004 1380 778
1005 1368 778
1006 1356 778
1007 1262 778
1008 1250 778
1009 1238 778
1010 1226 778
1011 1179 778
1012 1167 778
1013 1155 778
1014 1143 778
1015 1132 778
1016 1120 778
1017 1108 778
1018 1096 778
1019 1084 778
1020 1073 778
1021 1061 778
1022 1049 778
1023 1037 778
1024 1025 778
1025 1013 778
1026 1002 778
1027 990 778
1028 978 778
1029 966 778
1030 954 778
1031 942 778
1032 931 778
1033 919 778
1034 907 778
1035 895 778
1036 883 778
1037 871 778
1038 860 778
1039 848 778
1040 836 778
1041 824 778
1042 812 778
1043 801 778
1044 789 778
1045 777 778
1046 765 778
1047 753 778
1048 741 778
1049 1173 772
1050 1279 772
1051 1291 772
1052 1303 772
1053 1315 772
1054 1339 772
1055 1350 772
1056 1362 772
1057 1374 772
1058 1386 772
1059 1398 772
1060 1409 772
1061 1321 766
1062 1226 766
1063 1214 766
1064 1203 766
1065 1090 760
1066 1102 760
1067 1114 760
1068 1126 760
1069 1138 760
1070 1208 760
1071 1220 760
1072 1232 760
1073 1256 760
1074 1268 760
1075 1279 760
1076 1291 760
1077 1350 760
1078 1333 754
1079 1321 754
1080 1309 754
1081 1214 754
1082 1203 754
1083 1191 754
1084 1143 754
1085 1138 748
1086 1149 748
1087 1232 748
1088 1244 748
1089 1368 743
1090 1356 743
1091 1274 743
1092 1167 731
1093 1155 731
1094 1143 731
1095 1132 731
1096 1120 731
1097 1108 731
1098 1386 725
1099 1398 725
1100 1392 719
1101 1380 719
1102 1368 719
1103 795 548
1104 806 548
1105 818 548
1106 830 548
1107 842 548
1108 854 548
1109 866 548
1110 877 548
1111 889 548
1112 901 548
1113 913 548
1114 925 548
1115 937 548
1116 948 548
1117 960 548
1118 972 548
1119 984 548
1120 996 548
1121 1007 548
1122 1019 548
1123 1031 548
1124 1043 548
1125 1055 548
1126 1067 548
1127 1078 548
1128 1090 548
1129 1102 548
1130 1114 548
1131 1126 548
1132 1138 548
1133 1149 548
1134 1161 548
1135 1173 548
1136 1185 548
1137 1197 548
1138 1208 548
1139 1220 548
1140 1368 601
1141 1380 601
1142 1392 601
1143 1404 601
1144 1415 601
1145 1427 601
1146 1439 601
1147 1451 601
1148 1463 601
1149 1475 601
1150 1486 601
1151 1498 601
1152 1510 601
1153 1522 601
1154 1534 601
1155 1545 601
1156 1557 601
1157 1569 601
1158 1581 601
1159 1593 601
1160 1605 601
1161 1616 601
1162 1628 601
1163 1640 601
1164 1652 601
1165 1664 601
1166 1676 601
1167 1687 601
1168 1699 601
1169 1711 601
1170 1723 601
1171 1735 601
1172 1746 601
1173 1758 601
1174 1770 601
1175 1782 601
1176 1794 601
1177 1806 601
1178 1817 601
1179 1829 601
1180 1841 601
1181 1853 601
1182 1865 601
1183 1877 601
1184 1888 601
1185 1900 601
1186 1912 601
1187 1924 601
1188 1936 601
1189 1947 601
1190 1959 601
1191 1971 601
1192 1983 601
1193 1995 601
1194 2007 601
1195 2018 601
1196 2030 601
1197 2042 601
1198 2054 601
1199 2066 601
1200 2078 601
1201 2089 601
1202 1220 536
1203 1208 536
1204 1197 536
1205 1185 536
1206 1888 2048
1207 1877 2048
1208 1865 2048
1209 1853 2048
1210 1841 2048
1211 1829 2048
1212 1817 2048
1213 1806 2048
1214 1794 2048
1215 1782 2048
1216 1770 2048
1217 1758 2048
1218 1723 2048
1219 1711 2048
1220 1664 2048
1221 1640 2048
1222 1616 2048
1223 1605 2048
1224 1569 2048
1225 1557 2048
1226 1534 2048
1227 1522 2048
1228 1510 2048
1229 1498 2048
1230 907 2048
1231 895 2048
1232 883 2048
1233 871 2048
1234 860 2048
1235 848 2048
1236 836 2048
1237 824 2048
1238 812 2048
1239 801 2048
1240 789 2048
1241 777 2048
1242 741 2048
1243 730 2048
1244 682 2048
1245 659 2048
1246 635 2048
1247 623 2048
1248 588 2048
1249 576 2048
1250 552 2048
1251 540 2048
1252 529 2048
1253 517 2048
1254 511 2042
1255 523 2042
1256 570 2042
1257 582 2042
1258 594 2042
1259 629 2042
1260 641 2042
1261 700 2042
1262 712 2042
1263 771 2042
1264 783 2042
1265 795 2042
1266 806 2042
1267 818 2042
1268 830 2042
1269 842 2042
1270 854 2042
1271 866 2042
1272 877 2042
1273 889 2042
1274 901 2042
1275 1492 2042
1276 1504 2042
1277 1551 2042
1278 1563 2042
1279 1575 2042
1280 1610 2042
1281 1622 2042
1282 1681 2042
1283 1693 2042
1284 1752 2042
1285 1764 2042
1286 1776 2042
1287 1788 2042
1288 1800 2042
1289 1811 2042
1290 1823 2042
1291 1835 2042
1292 1847 2042
1293 1859 2042
1294 1871 2042
1295 1882 2042
1296 1888 2036
1297 1877 2036
1298 1865 2036
1299 1853 2036
1300 1841 2036
1301 1829 2036
1302 1817 2036
1303 1806 2036
1304 1794 2036
1305 1782 2036
1306 1770 2036
1307 1758 2036
1308 1711 2036
1309 1699 2036
1310 1687 2036
1311 1652 2036
1312 1640 2036
1313 1557 2036
1314 1545 2036
1315 1534 2036
1316 1498 2036
1317 907 2036
1318 895 2036
1319 883 2036
1320 871 2036
1321 860 2036
1322 848 2036
1323 836 2036
1324 824 2036
1325 812 2036
1326 801 2036
1327 789 2036
1328 777 2036
1329 730 2036
1330 718 2036
1331 706 2036
1332 670 2036
1333 659 2036
1334 576 2036
1335 564 2036
1336 552 2036
1337 517 2036
1338 511 2030
1339 523 2030
1340 546 2030
1341 558 2030
1342 582 2030
1343 605 2030
1344 629 2030
1345 653 2030
1346 665 2030
1347 688 2030
1348 700 2030
1349 712 2030
1350 724 2030
1351 736 2030
1352 747 2030
1353 771 2030
1354 783 2030
1355 795 2030
1356 806 2030
1357 818 2030
1358 830 2030
1359 842 2030
1360 854 2030
1361 866 2030
1362 877 2030
1363 889 2030
1364 901 2030
1365 1492 2030
1366 1504 2030
1367 1528 2030
1368 1540 2030
1369 1563 2030
1370 1587 2030
1371 1610 2030
1372 1634 2030
1373 1646 2030
1374 1670 2030
1375 1681 2030
1376 1693 2030
1377 1705 2030
1378 1717 2030
1379 1729 2030
1380 1752 2030
1381 1764 2030
1382 1776 2030
1383 1788 2030
1384 1800 2030
1385 1811 2030
1386 1823 2030
1387 1835 2030
1388 1847 2030
1389 1859 2030
1390 1871 2030
1391 1882 2030
1392 1888 170
1393 1877 170
1394 1865 170
1395 1853 170
1396 1841 170
1397 1829 170
1398 1817 170
1399 1806 170
1400 1794 170
1401 1782 170
1402 1770 170
1403 1758 170
1404 907 170
1405 895 170
1406 883 170
1407 871 170
1408 860 170
1409 848 170
1410 836 170
1411 824 170
1412 812 170
1413 801 170
1414 789 170
1415 777 170
1416 517 170
1417 529 170
1418 540 170
1419 552 170
1420 576 170
1421 588 170
1422 623 170
1423 635 170
1424 659 170
1425 682 170
1426 730 170
1427 741 170
1428 1498 170
1429 1510 170
1430 1522 170
1431 1534 170
1432 1557 170
1433 1569 170
1434 1605 170
1435 1616 170
1436 1640 170
1437 1664 170
1438 1711 170
1439 1723 170
1440 1882 164
1441 1871 164
1442 1859 164
1443 1847 164
1444 1835 164
1445 1823 164
1446 1811 164
1447 1800 164
1448 1788 164
1449 1776 164
1450 1764 164
1451 1752 164
1452 901 164
1453 889 164
1454 877 164
1455 866 164
1456 854 164
1457 842 164
1458 830 164
1459 818 164
1460 806 164
1461 795 164
1462 783 164
1463 771 164
1464 511 164
1465 523 164
1466 570 164
1467 582 164
1468 594 164
1469 629 164
1470 641 164
1471 700 164
1472 712 164
1473 1492 164
1474 1504 164
1475 1551 164
1476 1563 164
1477 1575 164
1478 1610 164
1479 1622 164
1480 1681 164
1481 1693 164
1482 1888 158
1483 1877 158
1484 1865 158
1485 1853 158
1486 1841 158
1487 1829 158
1488 1817 158
1489 1806 158
1490 1794 158
1491 1782 158
1492 1770 158
1493 1758 158
1494 907 158
1495 895 158
1496 883 158
1497 871 158
1498 860 158
1499 848 158
1500 836 158
1501 824 158
1502 812 158
1503 801 158
1504 789 158
1505 777 158
1506 517 158
1507 552 158
1508 564 158
1509 576 158
1510 659 158
1511 670 158
1512 706 158
1513 718 158
1514 730 158
1515 1498 158
1516 1534 158
1517 1545 158
1518 1557 158
1519 1640 158
1520 1652 158
1521 1687 158
1522 1699 158
1523 1711 158
1524 1882 152
1525 1871 152
1526 1859 152
1527 1847 152
1528 1835 152
1529 1823 152
1530 1811 152
1531 1800 152
1532 1788 152
1533 1776 152
1534 1764 152
1535 1752 152
1536 901 152
1537 889 152
1538 877 152
1539 866 152
1540 854 152
1541 842 152
1542 830 152
1543 818 152
1544 806 152
1545 795 152
1546 783 152
1547 771 152
1548 511 152
1549 523 152
1550 546 152
1551 558 152
1552 582 152
1553 605 152
1554 629 152
1555 653 152
1556 665 152
1557 688 152
1558 700 152
1559 712 152
1560 724 152
1561 736 152
1562 747 152
1563 1492 152
1564 1504 152
1565 1528 152
1566 1540 152
1567 1563 152
1568 1587 152
1569 1610 152
1570 1634 152
1571 1646 152
1572 1670 152
1573 1681 152
1574 1693 152
1575 1705 152
1576 1717 152
1577 1729 152
