3795
1 2104 1968
2 1401 1968
3 295 1968
4 1235 1956
5 1347 1962
6 1401 1944
7 1211 1944
8 1211 1932
9 1353 1932
10 1300 1927
11 1176 1921
12 1211 1921
13 1377 1921
14 1330 1909
15 1306 1909
16 1235 1909
17 1152 1909
18 1152 1897
19 1235 1897
20 1306 1897
21 1377 1885
22 1306 1885
23 1129 1885
24 1129 1873
25 1377 1873
26 1667 1749
27 673 1749
28 738 1743
29 1732 1743
30 1850 1720
31 857 1720
32 366 1490
33 774 1519
34 1247 1519
35 1767 1519
36 2069 1478
37 1371 1419
38 1117 1247
39 1235 1247
40 1235 1271
41 1779 1389
42 1791 1413
43 1850 1413
44 1377 1224
45 1235 1224
46 331 1147
47 1755 1153
48 1743 1141
49 1229 1005
50 1217 994
51 1140 799
52 1200 799
53 1223 799
54 1247 799
55 1341 799
56 1377 799
57 1170 793
58 1200 787
59 1223 787
60 1330 787
61 1347 781
62 1182 781
63 1176 775
64 1223 775
65 1330 775
66 1324 769
67 1276 769
68 1194 769
69 1140 763
70 1200 763
71 1294 763
72 1341 763
73 1247 751
74 1223 539
75 1365 598
76 2104 232
77 295 232
78 1208 1959
79 1220 1959
80 1232 1959
81 1244 1959
82 1256 1959
83 1291 1959
84 1303 1959
85 1374 1971
86 1386 1971
87 1398 1971
88 1309 1953
89 1297 1953
90 1179 1941
91 1191 1941
92 1203 1941
93 1344 1941
94 1356 1941
95 1368 1941
96 1380 1941
97 1392 1941
98 1268 1935
99 1256 1935
100 1244 1935
101 1232 1935
102 1220 1935
103 1161 1935
104 1149 1935
105 1138 1935
106 1126 1935
107 1114 1935
108 1132 1929
109 1143 1929
110 1155 1929
111 1167 1929
112 1179 1929
113 1309 1929
114 1321 1929
115 1333 1929
116 1344 1929
117 1362 1924
118 1350 1924
119 1339 1924
120 1327 1924
121 1315 1924
122 1303 1924
123 1220 1924
124 1208 1924
125 1197 1924
126 1185 1924
127 1203 1918
128 1274 1918
129 1285 1918
130 1297 1918
131 1309 1918
132 1380 1918
133 1392 1918
134 1404 1918
135 1415 1918
136 1232 1912
137 1220 1912
138 1208 1912
139 1197 1912
140 1073 1906
141 1084 1906
142 1096 1906
143 1108 1906
144 1120 1906
145 1132 1906
146 1143 1906
147 1262 1906
148 1274 1906
149 1285 1906
150 1297 1906
151 1333 1906
152 1344 1906
153 1356 1906
154 1368 1906
155 1350 1900
156 1339 1900
157 1327 1900
158 1315 1900
159 1285 1894
160 1274 1894
161 1262 1894
162 1250 1894
163 1238 1894
164 1143 1894
165 1132 1894
166 1120 1894
167 1108 1894
168 1096 1894
169 1279 1888
170 1291 1888
171 1303 1888
172 1315 1888
173 1415 1882
174 1404 1882
175 1392 1882
176 1380 1882
177 1297 1882
178 1285 1882
179 1120 1882
180 1108 1882
181 1096 1882
182 1084 1882
183 1327 1876
184 1339 1876
185 1350 1876
186 1362 1876
187 1374 1876
188 1386 1876
189 1368 1870
190 1356 1870
191 1344 1870
192 1333 1870
193 1238 1870
194 1226 1870
195 1214 1870
196 1203 1870
197 1191 1870
198 1179 1870
199 1167 1870
200 1155 1870
201 1143 1870
202 1132 1870
203 1220 1865
204 1232 1865
205 1244 1865
206 1256 1865
207 1268 1865
208 1279 1865
209 1291 1865
210 1303 1865
211 1658 1746
212 665 1746
213 670 1741
214 682 1741
215 694 1741
216 706 1741
217 718 1741
218 730 1741
219 1664 1741
220 1676 1741
221 1687 1741
222 1699 1741
223 1711 1741
224 1723 1741
225 1871 1723
226 1859 1723
227 877 1723
228 866 1723
229 783 1522
230 795 1522
231 806 1522
232 818 1522
233 830 1522
234 1776 1522
235 1788 1522
236 1800 1522
237 1811 1522
238 1823 1522
239 1238 1516
240 1226 1516
241 1214 1516
242 1203 1516
243 1191 1516
244 1179 1516
245 1167 1516
246 1155 1516
247 1143 1516
248 1132 1516
249 1120 1516
250 1108 1516
251 1096 1516
252 1084 1516
253 1073 1516
254 1061 1516
255 1049 1516
256 1037 1516
257 1025 1516
258 1013 1516
259 1002 1516
260 990 1516
261 978 1516
262 966 1516
263 954 1516
264 942 1516
265 931 1516
266 919 1516
267 907 1516
268 895 1516
269 883 1516
270 871 1516
271 860 1516
272 848 1516
273 836 1516
274 824 1516
275 812 1516
276 801 1516
277 789 1516
278 777 1516
279 765 1516
280 753 1516
281 741 1516
282 730 1516
283 718 1516
284 706 1516
285 694 1516
286 682 1516
287 670 1516
288 659 1516
289 647 1516
290 635 1516
291 623 1516
292 611 1516
293 600 1516
294 588 1516
295 576 1516
296 564 1516
297 552 1516
298 540 1516
299 529 1516
300 517 1516
301 505 1516
302 493 1516
303 481 1516
304 469 1516
305 458 1516
306 446 1516
307 434 1516
308 422 1516
309 410 1516
310 399 1516
311 387 1516
312 375 1516
313 363 1516
314 351 1516
315 369 1487
316 381 1487
317 393 1487
318 404 1487
319 416 1487
320 428 1487
321 440 1487
322 452 1487
323 464 1487
324 475 1487
325 487 1487
326 499 1487
327 511 1487
328 523 1487
329 535 1487
330 546 1487
331 558 1487
332 570 1487
333 582 1487
334 594 1487
335 605 1487
336 617 1487
337 629 1487
338 641 1487
339 653 1487
340 665 1487
341 676 1487
342 688 1487
343 700 1487
344 712 1487
345 724 1487
346 736 1487
347 747 1487
348 759 1487
349 771 1487
350 783 1487
351 795 1487
352 806 1487
353 818 1487
354 830 1487
355 842 1487
356 854 1487
357 866 1487
358 877 1487
359 889 1487
360 901 1487
361 913 1487
362 925 1487
363 937 1487
364 948 1487
365 960 1487
366 972 1487
367 984 1487
368 996 1487
369 1007 1487
370 1019 1487
371 1031 1487
372 1043 1487
373 1055 1487
374 1067 1487
375 1078 1487
376 1090 1487
377 1102 1487
378 1114 1487
379 1126 1487
380 1138 1487
381 1149 1487
382 1161 1487
383 1173 1487
384 1185 1487
385 1197 1487
386 1208 1487
387 2060 1475
388 2048 1475
389 2036 1475
390 2024 1475
391 2012 1475
392 2001 1475
393 1989 1475
394 1977 1475
395 1965 1475
396 1953 1475
397 1942 1475
398 1930 1475
399 1918 1475
400 1906 1475
401 1894 1475
402 1882 1475
403 1871 1475
404 1859 1475
405 1847 1475
406 1835 1475
407 1823 1475
408 1811 1475
409 1800 1475
410 1788 1475
411 1776 1475
412 1764 1475
413 1752 1475
414 1741 1475
415 1729 1475
416 1717 1475
417 1705 1475
418 1693 1475
419 1681 1475
420 1670 1475
421 1658 1475
422 1646 1475
423 1634 1475
424 1622 1475
425 1610 1475
426 1599 1475
427 1587 1475
428 1575 1475
429 1563 1475
430 1551 1475
431 1540 1475
432 1528 1475
433 1516 1475
434 1504 1475
435 1492 1475
436 1480 1475
437 1469 1475
438 1457 1475
439 1445 1475
440 1433 1475
441 1421 1475
442 1409 1475
443 1398 1475
444 1386 1475
445 1374 1475
446 1362 1475
447 1350 1475
448 1339 1475
449 1327 1475
450 1315 1475
451 1303 1475
452 1291 1475
453 1279 1475
454 1268 1475
455 1256 1475
456 1244 1475
457 1232 1475
458 1220 1475
459 1250 1445
460 1262 1445
461 1274 1445
462 1285 1445
463 1297 1445
464 1309 1445
465 1321 1445
466 1333 1445
467 1344 1445
468 1356 1445
469 1368 1445
470 1380 1445
471 1392 1445
472 1404 1445
473 1415 1445
474 1427 1445
475 1439 1445
476 1451 1445
477 1463 1445
478 1475 1445
479 1486 1445
480 1498 1445
481 1510 1445
482 1522 1445
483 1534 1445
484 1545 1445
485 1557 1445
486 1569 1445
487 1581 1445
488 1593 1445
489 1605 1445
490 1616 1445
491 1628 1445
492 1640 1445
493 1652 1445
494 1664 1445
495 1676 1445
496 1687 1445
497 1699 1445
498 1711 1445
499 1723 1445
500 1735 1445
501 1746 1445
502 1758 1445
503 1770 1445
504 1782 1445
505 1788 1416
506 1776 1416
507 1764 1416
508 1752 1416
509 1741 1416
510 1729 1416
511 1717 1416
512 1705 1416
513 1693 1416
514 1681 1416
515 1670 1416
516 1658 1416
517 1646 1416
518 1362 1416
519 1350 1416
520 1339 1416
521 1327 1416
522 1315 1416
523 1303 1416
524 1291 1416
525 1368 1410
526 1380 1410
527 1392 1410
528 1404 1410
529 1415 1410
530 1427 1410
531 1439 1410
532 1451 1410
533 1463 1410
534 1475 1410
535 1486 1410
536 1498 1410
537 1510 1410
538 1522 1410
539 1534 1410
540 1545 1410
541 1557 1410
542 1569 1410
543 1581 1410
544 1593 1410
545 1605 1410
546 1616 1410
547 1628 1410
548 1640 1410
549 1652 1410
550 1664 1410
551 1676 1410
552 1687 1410
553 1699 1410
554 1711 1410
555 1723 1410
556 1735 1410
557 1746 1410
558 1758 1410
559 1770 1410
560 1782 1410
561 1794 1410
562 1806 1410
563 1817 1410
564 1829 1410
565 1841 1410
566 1794 1398
567 1782 1398
568 1770 1398
569 1758 1398
570 1746 1398
571 1735 1398
572 1723 1398
573 1711 1398
574 1699 1398
575 1687 1398
576 1676 1398
577 1664 1398
578 1652 1398
579 1640 1398
580 1788 1392
581 1800 1392
582 1811 1392
583 1811 1274
584 1800 1274
585 1788 1274
586 1776 1274
587 1764 1274
588 1752 1274
589 1741 1274
590 1729 1274
591 1717 1274
592 1705 1274
593 1693 1274
594 1681 1274
595 1670 1274
596 1658 1274
597 1646 1274
598 1634 1274
599 1622 1274
600 1610 1274
601 1599 1274
602 1587 1274
603 1575 1274
604 1563 1274
605 1551 1274
606 1540 1274
607 1528 1274
608 1516 1274
609 1504 1274
610 1492 1274
611 1480 1274
612 1469 1274
613 1457 1274
614 1445 1274
615 1433 1274
616 1421 1274
617 1409 1274
618 1398 1274
619 1386 1274
620 1374 1274
621 1362 1274
622 1350 1274
623 1339 1274
624 1327 1274
625 1315 1274
626 1303 1274
627 1291 1274
628 1279 1274
629 1268 1274
630 1256 1274
631 1244 1274
632 1126 1250
633 1138 1250
634 1149 1250
635 1161 1250
636 1173 1250
637 1185 1250
638 1197 1250
639 1208 1250
640 1220 1250
641 1232 1250
642 1244 1250
643 1256 1250
644 1268 1250
645 1279 1250
646 1291 1250
647 1303 1250
648 1315 1250
649 1327 1250
650 1339 1250
651 1350 1250
652 1362 1250
653 1374 1250
654 1386 1250
655 1398 1250
656 1409 1250
657 1421 1250
658 1433 1250
659 1445 1250
660 1457 1250
661 1469 1250
662 1480 1250
663 1492 1250
664 1504 1250
665 1516 1250
666 1528 1250
667 1540 1250
668 1551 1250
669 1563 1250
670 1575 1250
671 1587 1250
672 1599 1250
673 1610 1250
674 1622 1250
675 1634 1250
676 1646 1250
677 1658 1250
678 1670 1250
679 1681 1250
680 1693 1250
681 1705 1250
682 1717 1250
683 1729 1250
684 1741 1250
685 1806 1244
686 1794 1244
687 1782 1244
688 1770 1244
689 1758 1244
690 1746 1244
691 1735 1244
692 1723 1244
693 1711 1244
694 1699 1244
695 1687 1244
696 1676 1244
697 1664 1244
698 1652 1244
699 1640 1244
700 1628 1244
701 1616 1244
702 1605 1244
703 1593 1244
704 1581 1244
705 1569 1244
706 1557 1244
707 1545 1244
708 1534 1244
709 1522 1244
710 1510 1244
711 1498 1244
712 1486 1244
713 1475 1244
714 1463 1244
715 1451 1244
716 1439 1244
717 1427 1244
718 1415 1244
719 1404 1244
720 1392 1244
721 1380 1244
722 1368 1244
723 1356 1244
724 1344 1244
725 1333 1244
726 1321 1244
727 1309 1244
728 1297 1244
729 1285 1244
730 1274 1244
731 1262 1244
732 1250 1244
733 1238 1244
734 1244 1227
735 1256 1227
736 1268 1227
737 1279 1227
738 1291 1227
739 1303 1227
740 1315 1227
741 1327 1227
742 1339 1227
743 1350 1227
744 1362 1227
745 1374 1227
746 1386 1227
747 1398 1227
748 1409 1227
749 1421 1227
750 1433 1227
751 1445 1227
752 1457 1227
753 1469 1227
754 1480 1227
755 1492 1227
756 1504 1227
757 1516 1227
758 1528 1227
759 1540 1227
760 1551 1227
761 1563 1227
762 1575 1227
763 1587 1227
764 1599 1227
765 1610 1227
766 1622 1227
767 1634 1227
768 1646 1227
769 1658 1227
770 1670 1227
771 1681 1227
772 1693 1227
773 1705 1227
774 1717 1227
775 1729 1227
776 1741 1227
777 1752 1227
778 1764 1227
779 1776 1227
780 1788 1227
781 1853 1221
782 1841 1221
783 1829 1221
784 1817 1221
785 1806 1221
786 1794 1221
787 1782 1221
788 1770 1221
789 1758 1221
790 1746 1221
791 1735 1221
792 1723 1221
793 1711 1221
794 1699 1221
795 1687 1221
796 1676 1221
797 1664 1221
798 1652 1221
799 1640 1221
800 1628 1221
801 1616 1221
802 1605 1221
803 1593 1221
804 1581 1221
805 1569 1221
806 1557 1221
807 1545 1221
808 1534 1221
809 1522 1221
810 1510 1221
811 1498 1221
812 1486 1221
813 1475 1221
814 1463 1221
815 1451 1221
816 1439 1221
817 1427 1221
818 1415 1221
819 1404 1221
820 1392 1221
821 1380 1221
822 1138 1156
823 1149 1156
824 1161 1156
825 1173 1156
826 1185 1156
827 1197 1156
828 1208 1156
829 1220 1156
830 1232 1156
831 1244 1156
832 1256 1156
833 1268 1156
834 1279 1156
835 1291 1156
836 1303 1156
837 1315 1156
838 1327 1156
839 1339 1156
840 1350 1156
841 1362 1156
842 1374 1156
843 1386 1156
844 1398 1156
845 1409 1156
846 1421 1156
847 1433 1156
848 1445 1156
849 1457 1156
850 1469 1156
851 1480 1156
852 1492 1156
853 1504 1156
854 1516 1156
855 1528 1156
856 1540 1156
857 1551 1156
858 1563 1156
859 1575 1156
860 1587 1156
861 1599 1156
862 1610 1156
863 1622 1156
864 1634 1156
865 1646 1156
866 1658 1156
867 1670 1156
868 1681 1156
869 1693 1156
870 1705 1156
871 1717 1156
872 1729 1156
873 1741 1156
874 1752 1156
875 1226 1150
876 1214 1150
877 1203 1150
878 1191 1150
879 1179 1150
880 1167 1150
881 1155 1150
882 1143 1150
883 1132 1150
884 1120 1150
885 1108 1150
886 1096 1150
887 1084 1150
888 1073 1150
889 1061 1150
890 1049 1150
891 1037 1150
892 1025 1150
893 1013 1150
894 1002 1150
895 990 1150
896 978 1150
897 966 1150
898 954 1150
899 942 1150
900 931 1150
901 919 1150
902 907 1150
903 895 1150
904 883 1150
905 871 1150
906 860 1150
907 848 1150
908 836 1150
909 824 1150
910 812 1150
911 801 1150
912 789 1150
913 777 1150
914 765 1150
915 753 1150
916 741 1150
917 730 1150
918 718 1150
919 706 1150
920 694 1150
921 682 1150
922 670 1150
923 659 1150
924 647 1150
925 635 1150
926 623 1150
927 611 1150
928 600 1150
929 588 1150
930 576 1150
931 564 1150
932 552 1150
933 540 1150
934 529 1150
935 517 1150
936 505 1150
937 493 1150
938 481 1150
939 469 1150
940 458 1150
941 446 1150
942 434 1150
943 422 1150
944 410 1150
945 399 1150
946 387 1150
947 375 1150
948 363 1150
949 351 1150
950 339 1150
951 1126 1144
952 1138 1144
953 1149 1144
954 1161 1144
955 1173 1144
956 1185 1144
957 1197 1144
958 1208 1144
959 1220 1144
960 1232 1144
961 1244 1144
962 1256 1144
963 1268 1144
964 1279 1144
965 1291 1144
966 1303 1144
967 1315 1144
968 1327 1144
969 1339 1144
970 1350 1144
971 1362 1144
972 1374 1144
973 1386 1144
974 1398 1144
975 1409 1144
976 1421 1144
977 1433 1144
978 1445 1144
979 1457 1144
980 1469 1144
981 1480 1144
982 1492 1144
983 1504 1144
984 1516 1144
985 1528 1144
986 1540 1144
987 1551 1144
988 1563 1144
989 1575 1144
990 1587 1144
991 1599 1144
992 1610 1144
993 1622 1144
994 1634 1144
995 1646 1144
996 1658 1144
997 1670 1144
998 1681 1144
999 1693 1144
1000 1705 1144
1001 1717 1144
1002 1729 1144
1003 1741 1144
1004 1220 1002
1005 1208 1002
1006 1197 1002
1007 1185 1002
1008 1173 1002
1009 1226 996
1010 1238 996
1011 1250 996
1012 1409 802
1013 1398 802
1014 1386 802
1015 1374 802
1016 1362 802
1017 1350 802
1018 1303 802
1019 1291 802
1020 1279 802
1021 1268 802
1022 1256 802
1023 1220 802
1024 1208 802
1025 1197 802
1026 1185 802
1027 1173 802
1028 1138 802
1029 1126 802
1030 1114 802
1031 1102 802
1032 1090 802
1033 1078 802
1034 1084 796
1035 1096 796
1036 1108 796
1037 1120 796
1038 1132 796
1039 1143 796
1040 1155 796
1041 1167 796
1042 1179 796
1043 1191 796
1044 1226 796
1045 1238 796
1046 1250 796
1047 1262 796
1048 1274 796
1049 1285 796
1050 1344 796
1051 1356 796
1052 1368 796
1053 1386 790
1054 1374 790
1055 1362 790
1056 1350 790
1057 1339 790
1058 1268 790
1059 1256 790
1060 1244 790
1061 1232 790
1062 1161 790
1063 1149 790
1064 1138 790
1065 1126 790
1066 1203 784
1067 1214 784
1068 1226 784
1069 1238 784
1070 1285 784
1071 1297 784
1072 1309 784
1073 1321 784
1074 1333 784
1075 1344 784
1076 1374 778
1077 1362 778
1078 1350 778
1079 1256 778
1080 1244 778
1081 1232 778
1082 1173 778
1083 1161 778
1084 1149 778
1085 1138 778
1086 1126 778
1087 1114 778
1088 1102 778
1089 1090 778
1090 1078 778
1091 1067 778
1092 1055 778
1093 1043 778
1094 1031 778
1095 1019 778
1096 1007 778
1097 996 778
1098 984 778
1099 972 778
1100 960 778
1101 948 778
1102 937 778
1103 925 778
1104 913 778
1105 901 778
1106 889 778
1107 877 778
1108 866 778
1109 854 778
1110 842 778
1111 830 778
1112 818 778
1113 806 778
1114 795 778
1115 783 778
1116 771 778
1117 759 778
1118 747 778
1119 736 778
1120 1167 772
1121 1285 772
1122 1297 772
1123 1309 772
1124 1321 772
1125 1333 772
1126 1344 772
1127 1356 772
1128 1368 772
1129 1380 772
1130 1392 772
1131 1404 772
1132 1415 772
1133 1327 766
1134 1315 766
1135 1232 766
1136 1220 766
1137 1208 766
1138 1197 766
1139 1096 760
1140 1108 760
1141 1120 760
1142 1132 760
1143 1203 760
1144 1214 760
1145 1226 760
1146 1238 760
1147 1262 760
1148 1274 760
1149 1285 760
1150 1344 760
1151 1327 754
1152 1315 754
1153 1208 754
1154 1197 754
1155 1149 754
1156 1138 754
1157 1132 748
1158 1143 748
1159 1155 748
1160 1226 748
1161 1238 748
1162 1362 743
1163 1279 743
1164 1268 743
1165 1161 731
1166 1149 731
1167 1138 731
1168 1126 731
1169 1114 731
1170 1380 725
1171 1392 725
1172 1404 725
1173 1398 719
1174 1386 719
1175 1374 719
1176 1362 719
1177 789 548
1178 801 548
1179 812 548
1180 824 548
1181 836 548
1182 848 548
1183 860 548
1184 871 548
1185 883 548
1186 895 548
1187 907 548
1188 919 548
1189 931 548
1190 942 548
1191 954 548
1192 966 548
1193 978 548
1194 990 548
1195 1002 548
1196 1013 548
1197 1025 548
1198 1037 548
1199 1049 548
1200 1061 548
1201 1073 548
1202 1084 548
1203 1096 548
1204 1108 548
1205 1120 548
1206 1132 548
1207 1143 548
1208 1155 548
1209 1167 548
1210 1179 548
1211 1191 548
1212 1203 548
1213 1214 548
1214 1226 548
1215 1374 601
1216 1386 601
1217 1398 601
1218 1409 601
1219 1421 601
1220 1433 601
1221 1445 601
1222 1457 601
1223 1469 601
1224 1480 601
1225 1492 601
1226 1504 601
1227 1516 601
1228 1528 601
1229 1540 601
1230 1551 601
1231 1563 601
1232 1575 601
1233 1587 601
1234 1599 601
1235 1610 601
1236 1622 601
1237 1634 601
1238 1646 601
1239 1658 601
1240 1670 601
1241 1681 601
1242 1693 601
1243 1705 601
1244 1717 601
1245 1729 601
1246 1741 601
1247 1752 601
1248 1764 601
1249 1776 601
1250 1788 601
1251 1800 601
1252 1811 601
1253 1823 601
1254 1835 601
1255 1847 601
1256 1859 601
1257 1871 601
1258 1882 601
1259 1894 601
1260 1906 601
1261 1918 601
1262 1930 601
1263 1942 601
1264 1953 601
1265 1965 601
1266 1977 601
1267 1989 601
1268 2001 601
1269 2012 601
1270 2024 601
1271 2036 601
1272 2048 601
1273 2060 601
1274 2072 601
1275 2083 601
1276 1214 536
1277 1203 536
1278 1191 536
1279 1179 536
1280 1214 1959
1281 1226 1959
1282 1238 1959
1283 1250 1959
1284 1262 1959
1285 1285 1959
1286 1297 1959
1287 1350 1965
1288 1380 1971
1289 1392 1971
1290 1303 1953
1291 1173 1941
1292 1185 1941
1293 1197 1941
1294 1208 1941
1295 1339 1941
1296 1350 1941
1297 1362 1941
1298 1374 1941
1299 1386 1941
1300 1398 1941
1301 1262 1935
1302 1250 1935
1303 1238 1935
1304 1226 1935
1305 1214 1935
1306 1155 1935
1307 1143 1935
1308 1132 1935
1309 1120 1935
1310 1108 1935
1311 1138 1929
1312 1149 1929
1313 1161 1929
1314 1173 1929
1315 1185 1929
1316 1303 1929
1317 1315 1929
1318 1327 1929
1319 1339 1929
1320 1350 1929
1321 1356 1924
1322 1344 1924
1323 1333 1924
1324 1321 1924
1325 1309 1924
1326 1214 1924
1327 1203 1924
1328 1191 1924
1329 1179 1924
1330 1197 1918
1331 1208 1918
1332 1279 1918
1333 1291 1918
1334 1303 1918
1335 1386 1918
1336 1398 1918
1337 1409 1918
1338 1226 1912
1339 1214 1912
1340 1203 1912
1341 1191 1912
1342 1078 1906
1343 1090 1906
1344 1102 1906
1345 1114 1906
1346 1126 1906
1347 1138 1906
1348 1149 1906
1349 1256 1906
1350 1268 1906
1351 1279 1906
1352 1291 1906
1353 1303 1906
1354 1339 1906
1355 1350 1906
1356 1362 1906
1357 1344 1900
1358 1333 1900
1359 1321 1900
1360 1309 1900
1361 1279 1894
1362 1268 1894
1363 1256 1894
1364 1244 1894
1365 1149 1894
1366 1138 1894
1367 1126 1894
1368 1114 1894
1369 1102 1894
1370 1090 1894
1371 1285 1888
1372 1297 1888
1373 1309 1888
1374 1321 1888
1375 1409 1882
1376 1398 1882
1377 1386 1882
1378 1303 1882
1379 1291 1882
1380 1279 1882
1381 1126 1882
1382 1114 1882
1383 1102 1882
1384 1090 1882
1385 1333 1876
1386 1344 1876
1387 1356 1876
1388 1368 1876
1389 1380 1876
1390 1374 1870
1391 1362 1870
1392 1350 1870
1393 1339 1870
1394 1327 1870
1395 1244 1870
1396 1232 1870
1397 1220 1870
1398 1208 1870
1399 1197 1870
1400 1185 1870
1401 1173 1870
1402 1161 1870
1403 1149 1870
1404 1138 1870
1405 1214 1865
1406 1226 1865
1407 1238 1865
1408 1250 1865
1409 1262 1865
1410 1274 1865
1411 1285 1865
1412 1297 1865
1413 1309 1865
1414 1664 1746
1415 670 1746
1416 676 1741
1417 688 1741
1418 700 1741
1419 712 1741
1420 724 1741
1421 736 1741
1422 1670 1741
1423 1681 1741
1424 1693 1741
1425 1705 1741
1426 1717 1741
1427 1729 1741
1428 1865 1723
1429 1853 1723
1430 871 1723
1431 860 1723
1432 777 1522
1433 789 1522
1434 801 1522
1435 812 1522
1436 824 1522
1437 1770 1522
1438 1782 1522
1439 1794 1522
1440 1806 1522
1441 1817 1522
1442 1244 1516
1443 1232 1516
1444 1220 1516
1445 1208 1516
1446 1197 1516
1447 1185 1516
1448 1173 1516
1449 1161 1516
1450 1149 1516
1451 1138 1516
1452 1126 1516
1453 1114 1516
1454 1102 1516
1455 1090 1516
1456 1078 1516
1457 1067 1516
1458 1055 1516
1459 1043 1516
1460 1031 1516
1461 1019 1516
1462 1007 1516
1463 996 1516
1464 984 1516
1465 972 1516
1466 960 1516
1467 948 1516
1468 937 1516
1469 925 1516
1470 913 1516
1471 901 1516
1472 889 1516
1473 877 1516
1474 866 1516
1475 854 1516
1476 842 1516
1477 830 1516
1478 818 1516
1479 806 1516
1480 795 1516
1481 783 1516
1482 771 1516
1483 759 1516
1484 747 1516
1485 736 1516
1486 724 1516
1487 712 1516
1488 700 1516
1489 688 1516
1490 676 1516
1491 665 1516
1492 653 1516
1493 641 1516
1494 629 1516
1495 617 1516
1496 605 1516
1497 594 1516
1498 582 1516
1499 570 1516
1500 558 1516
1501 546 1516
1502 535 1516
1503 523 1516
1504 511 1516
1505 499 1516
1506 487 1516
1507 475 1516
1508 464 1516
1509 452 1516
1510 440 1516
1511 428 1516
1512 416 1516
1513 404 1516
1514 393 1516
1515 381 1516
1516 369 1516
1517 357 1516
1518 345 1516
1519 375 1487
1520 387 1487
1521 399 1487
1522 410 1487
1523 422 1487
1524 434 1487
1525 446 1487
1526 458 1487
1527 469 1487
1528 481 1487
1529 493 1487
1530 505 1487
1531 517 1487
1532 529 1487
1533 540 1487
1534 552 1487
1535 564 1487
1536 576 1487
1537 588 1487
1538 600 1487
1539 611 1487
1540 623 1487
1541 635 1487
1542 647 1487
1543 659 1487
1544 670 1487
1545 682 1487
1546 694 1487
1547 706 1487
1548 718 1487
1549 730 1487
1550 741 1487
1551 753 1487
1552 765 1487
1553 777 1487
1554 789 1487
1555 801 1487
1556 812 1487
1557 824 1487
1558 836 1487
1559 848 1487
1560 860 1487
1561 871 1487
1562 883 1487
1563 895 1487
1564 907 1487
1565 919 1487
1566 931 1487
1567 942 1487
1568 954 1487
1569 966 1487
1570 978 1487
1571 990 1487
1572 1002 1487
1573 1013 1487
1574 1025 1487
1575 1037 1487
1576 1049 1487
1577 1061 1487
1578 1073 1487
1579 1084 1487
1580 1096 1487
1581 1108 1487
1582 1120 1487
1583 1132 1487
1584 1143 1487
1585 1155 1487
1586 1167 1487
1587 1179 1487
1588 1191 1487
1589 1203 1487
1590 1214 1487
1591 2066 1475
1592 2054 1475
1593 2042 1475
1594 2030 1475
1595 2018 1475
1596 2007 1475
1597 1995 1475
1598 1983 1475
1599 1971 1475
1600 1959 1475
1601 1947 1475
1602 1936 1475
1603 1924 1475
1604 1912 1475
1605 1900 1475
1606 1888 1475
1607 1877 1475
1608 1865 1475
1609 1853 1475
1610 1841 1475
1611 1829 1475
1612 1817 1475
1613 1806 1475
1614 1794 1475
1615 1782 1475
1616 1770 1475
1617 1758 1475
1618 1746 1475
1619 1735 1475
1620 1723 1475
1621 1711 1475
1622 1699 1475
1623 1687 1475
1624 1676 1475
1625 1664 1475
1626 1652 1475
1627 1640 1475
1628 1628 1475
1629 1616 1475
1630 1605 1475
1631 1593 1475
1632 1581 1475
1633 1569 1475
1634 1557 1475
1635 1545 1475
1636 1534 1475
1637 1522 1475
1638 1510 1475
1639 1498 1475
1640 1486 1475
1641 1475 1475
1642 1463 1475
1643 1451 1475
1644 1439 1475
1645 1427 1475
1646 1415 1475
1647 1404 1475
1648 1392 1475
1649 1380 1475
1650 1368 1475
1651 1356 1475
1652 1344 1475
1653 1333 1475
1654 1321 1475
1655 1309 1475
1656 1297 1475
1657 1285 1475
1658 1274 1475
1659 1262 1475
1660 1250 1475
1661 1238 1475
1662 1226 1475
1663 1214 1475
1664 1256 1445
1665 1268 1445
1666 1279 1445
1667 1291 1445
1668 1303 1445
1669 1315 1445
1670 1327 1445
1671 1339 1445
1672 1350 1445
1673 1362 1445
1674 1374 1445
1675 1386 1445
1676 1398 1445
1677 1409 1445
1678 1421 1445
1679 1433 1445
1680 1445 1445
1681 1457 1445
1682 1469 1445
1683 1480 1445
1684 1492 1445
1685 1504 1445
1686 1516 1445
1687 1528 1445
1688 1540 1445
1689 1551 1445
1690 1563 1445
1691 1575 1445
1692 1587 1445
1693 1599 1445
1694 1610 1445
1695 1622 1445
1696 1634 1445
1697 1646 1445
1698 1658 1445
1699 1670 1445
1700 1681 1445
1701 1693 1445
1702 1705 1445
1703 1717 1445
1704 1729 1445
1705 1741 1445
1706 1752 1445
1707 1764 1445
1708 1776 1445
1709 1782 1416
1710 1770 1416
1711 1758 1416
1712 1746 1416
1713 1735 1416
1714 1723 1416
1715 1711 1416
1716 1699 1416
1717 1687 1416
1718 1676 1416
1719 1664 1416
1720 1652 1416
1721 1368 1416
1722 1356 1416
1723 1344 1416
1724 1333 1416
1725 1321 1416
1726 1309 1416
1727 1297 1416
1728 1374 1410
1729 1386 1410
1730 1398 1410
1731 1409 1410
1732 1421 1410
1733 1433 1410
1734 1445 1410
1735 1457 1410
1736 1469 1410
1737 1480 1410
1738 1492 1410
1739 1504 1410
1740 1516 1410
1741 1528 1410
1742 1540 1410
1743 1551 1410
1744 1563 1410
1745 1575 1410
1746 1587 1410
1747 1599 1410
1748 1610 1410
1749 1622 1410
1750 1634 1410
1751 1646 1410
1752 1658 1410
1753 1670 1410
1754 1681 1410
1755 1693 1410
1756 1705 1410
1757 1717 1410
1758 1729 1410
1759 1741 1410
1760 1752 1410
1761 1764 1410
1762 1776 1410
1763 1788 1410
1764 1800 1410
1765 1811 1410
1766 1823 1410
1767 1835 1410
1768 1847 1410
1769 1788 1398
1770 1776 1398
1771 1764 1398
1772 1752 1398
1773 1741 1398
1774 1729 1398
1775 1717 1398
1776 1705 1398
1777 1693 1398
1778 1681 1398
1779 1670 1398
1780 1658 1398
1781 1646 1398
1782 1782 1392
1783 1794 1392
1784 1806 1392
1785 1817 1392
1786 1817 1274
1787 1806 1274
1788 1794 1274
1789 1782 1274
1790 1770 1274
1791 1758 1274
1792 1746 1274
1793 1735 1274
1794 1723 1274
1795 1711 1274
1796 1699 1274
1797 1687 1274
1798 1676 1274
1799 1664 1274
1800 1652 1274
1801 1640 1274
1802 1628 1274
1803 1616 1274
1804 1605 1274
1805 1593 1274
1806 1581 1274
1807 1569 1274
1808 1557 1274
1809 1545 1274
1810 1534 1274
1811 1522 1274
1812 1510 1274
1813 1498 1274
1814 1486 1274
1815 1475 1274
1816 1463 1274
1817 1451 1274
1818 1439 1274
1819 1427 1274
1820 1415 1274
1821 1404 1274
1822 1392 1274
1823 1380 1274
1824 1368 1274
1825 1356 1274
1826 1344 1274
1827 1333 1274
1828 1321 1274
1829 1309 1274
1830 1297 1274
1831 1285 1274
1832 1274 1274
1833 1262 1274
1834 1250 1274
1835 1238 1274
1836 1120 1250
1837 1132 1250
1838 1143 1250
1839 1155 1250
1840 1167 1250
1841 1179 1250
1842 1191 1250
1843 1203 1250
1844 1214 1250
1845 1226 1250
1846 1238 1250
1847 1250 1250
1848 1262 1250
1849 1274 1250
1850 1285 1250
1851 1297 1250
1852 1309 1250
1853 1321 1250
1854 1333 1250
1855 1344 1250
1856 1356 1250
1857 1368 1250
1858 1380 1250
1859 1392 1250
1860 1404 1250
1861 1415 1250
1862 1427 1250
1863 1439 1250
1864 1451 1250
1865 1463 1250
1866 1475 1250
1867 1486 1250
1868 1498 1250
1869 1510 1250
1870 1522 1250
1871 1534 1250
1872 1545 1250
1873 1557 1250
1874 1569 1250
1875 1581 1250
1876 1593 1250
1877 1605 1250
1878 1616 1250
1879 1628 1250
1880 1640 1250
1881 1652 1250
1882 1664 1250
1883 1676 1250
1884 1687 1250
1885 1699 1250
1886 1711 1250
1887 1723 1250
1888 1735 1250
1889 1800 1244
1890 1788 1244
1891 1776 1244
1892 1764 1244
1893 1752 1244
1894 1741 1244
1895 1729 1244
1896 1717 1244
1897 1705 1244
1898 1693 1244
1899 1681 1244
1900 1670 1244
1901 1658 1244
1902 1646 1244
1903 1634 1244
1904 1622 1244
1905 1610 1244
1906 1599 1244
1907 1587 1244
1908 1575 1244
1909 1563 1244
1910 1551 1244
1911 1540 1244
1912 1528 1244
1913 1516 1244
1914 1504 1244
1915 1492 1244
1916 1480 1244
1917 1469 1244
1918 1457 1244
1919 1445 1244
1920 1433 1244
1921 1421 1244
1922 1409 1244
1923 1398 1244
1924 1386 1244
1925 1374 1244
1926 1362 1244
1927 1350 1244
1928 1339 1244
1929 1327 1244
1930 1315 1244
1931 1303 1244
1932 1291 1244
1933 1279 1244
1934 1268 1244
1935 1256 1244
1936 1244 1244
1937 1238 1227
1938 1250 1227
1939 1262 1227
1940 1274 1227
1941 1285 1227
1942 1297 1227
1943 1309 1227
1944 1321 1227
1945 1333 1227
1946 1344 1227
1947 1356 1227
1948 1368 1227
1949 1380 1227
1950 1392 1227
1951 1404 1227
1952 1415 1227
1953 1427 1227
1954 1439 1227
1955 1451 1227
1956 1463 1227
1957 1475 1227
1958 1486 1227
1959 1498 1227
1960 1510 1227
1961 1522 1227
1962 1534 1227
1963 1545 1227
1964 1557 1227
1965 1569 1227
1966 1581 1227
1967 1593 1227
1968 1605 1227
1969 1616 1227
1970 1628 1227
1971 1640 1227
1972 1652 1227
1973 1664 1227
1974 1676 1227
1975 1687 1227
1976 1699 1227
1977 1711 1227
1978 1723 1227
1979 1735 1227
1980 1746 1227
1981 1758 1227
1982 1770 1227
1983 1782 1227
1984 1859 1221
1985 1847 1221
1986 1835 1221
1987 1823 1221
1988 1811 1221
1989 1800 1221
1990 1788 1221
1991 1776 1221
1992 1764 1221
1993 1752 1221
1994 1741 1221
1995 1729 1221
1996 1717 1221
1997 1705 1221
1998 1693 1221
1999 1681 1221
2000 1670 1221
2001 1658 1221
2002 1646 1221
2003 1634 1221
2004 1622 1221
2005 1610 1221
2006 1599 1221
2007 1587 1221
2008 1575 1221
2009 1563 1221
2010 1551 1221
2011 1540 1221
2012 1528 1221
2013 1516 1221
2014 1504 1221
2015 1492 1221
2016 1480 1221
2017 1469 1221
2018 1457 1221
2019 1445 1221
2020 1433 1221
2021 1421 1221
2022 1409 1221
2023 1398 1221
2024 1386 1221
2025 1132 1156
2026 1143 1156
2027 1155 1156
2028 1167 1156
2029 1179 1156
2030 1191 1156
2031 1203 1156
2032 1214 1156
2033 1226 1156
2034 1238 1156
2035 1250 1156
2036 1262 1156
2037 1274 1156
2038 1285 1156
2039 1297 1156
2040 1309 1156
2041 1321 1156
2042 1333 1156
2043 1344 1156
2044 1356 1156
2045 1368 1156
2046 1380 1156
2047 1392 1156
2048 1404 1156
2049 1415 1156
2050 1427 1156
2051 1439 1156
2052 1451 1156
2053 1463 1156
2054 1475 1156
2055 1486 1156
2056 1498 1156
2057 1510 1156
2058 1522 1156
2059 1534 1156
2060 1545 1156
2061 1557 1156
2062 1569 1156
2063 1581 1156
2064 1593 1156
2065 1605 1156
2066 1616 1156
2067 1628 1156
2068 1640 1156
2069 1652 1156
2070 1664 1156
2071 1676 1156
2072 1687 1156
2073 1699 1156
2074 1711 1156
2075 1723 1156
2076 1735 1156
2077 1746 1156
2078 1232 1150
2079 1220 1150
2080 1208 1150
2081 1197 1150
2082 1185 1150
2083 1173 1150
2084 1161 1150
2085 1149 1150
2086 1138 1150
2087 1126 1150
2088 1114 1150
2089 1102 1150
2090 1090 1150
2091 1078 1150
2092 1067 1150
2093 1055 1150
2094 1043 1150
2095 1031 1150
2096 1019 1150
2097 1007 1150
2098 996 1150
2099 984 1150
2100 972 1150
2101 960 1150
2102 948 1150
2103 937 1150
2104 925 1150
2105 913 1150
2106 901 1150
2107 889 1150
2108 877 1150
2109 866 1150
2110 854 1150
2111 842 1150
2112 830 1150
2113 818 1150
2114 806 1150
2115 795 1150
2116 783 1150
2117 771 1150
2118 759 1150
2119 747 1150
2120 736 1150
2121 724 1150
2122 712 1150
2123 700 1150
2124 688 1150
2125 676 1150
2126 665 1150
2127 653 1150
2128 641 1150
2129 629 1150
2130 617 1150
2131 605 1150
2132 594 1150
2133 582 1150
2134 570 1150
2135 558 1150
2136 546 1150
2137 535 1150
2138 523 1150
2139 511 1150
2140 499 1150
2141 487 1150
2142 475 1150
2143 464 1150
2144 452 1150
2145 440 1150
2146 428 1150
2147 416 1150
2148 404 1150
2149 393 1150
2150 381 1150
2151 369 1150
2152 357 1150
2153 345 1150
2154 334 1150
2155 1120 1144
2156 1132 1144
2157 1143 1144
2158 1155 1144
2159 1167 1144
2160 1179 1144
2161 1191 1144
2162 1203 1144
2163 1214 1144
2164 1226 1144
2165 1238 1144
2166 1250 1144
2167 1262 1144
2168 1274 1144
2169 1285 1144
2170 1297 1144
2171 1309 1144
2172 1321 1144
2173 1333 1144
2174 1344 1144
2175 1356 1144
2176 1368 1144
2177 1380 1144
2178 1392 1144
2179 1404 1144
2180 1415 1144
2181 1427 1144
2182 1439 1144
2183 1451 1144
2184 1463 1144
2185 1475 1144
2186 1486 1144
2187 1498 1144
2188 1510 1144
2189 1522 1144
2190 1534 1144
2191 1545 1144
2192 1557 1144
2193 1569 1144
2194 1581 1144
2195 1593 1144
2196 1605 1144
2197 1616 1144
2198 1628 1144
2199 1640 1144
2200 1652 1144
2201 1664 1144
2202 1676 1144
2203 1687 1144
2204 1699 1144
2205 1711 1144
2206 1723 1144
2207 1735 1144
2208 1226 1002
2209 1214 1002
2210 1203 1002
2211 1191 1002
2212 1179 1002
2213 1220 996
2214 1232 996
2215 1244 996
2216 1415 802
2217 1404 802
2218 1392 802
2219 1380 802
2220 1368 802
2221 1356 802
2222 1344 802
2223 1309 802
2224 1297 802
2225 1285 802
2226 1274 802
2227 1262 802
2228 1250 802
2229 1214 802
2230 1203 802
2231 1191 802
2232 1179 802
2233 1167 802
2234 1132 802
2235 1120 802
2236 1108 802
2237 1096 802
2238 1084 802
2239 1073 802
2240 1090 796
2241 1102 796
2242 1114 796
2243 1126 796
2244 1138 796
2245 1149 796
2246 1161 796
2247 1173 796
2248 1185 796
2249 1197 796
2250 1220 796
2251 1232 796
2252 1244 796
2253 1256 796
2254 1268 796
2255 1279 796
2256 1339 796
2257 1350 796
2258 1362 796
2259 1374 796
2260 1380 790
2261 1368 790
2262 1356 790
2263 1344 790
2264 1333 790
2265 1262 790
2266 1250 790
2267 1238 790
2268 1226 790
2269 1167 790
2270 1155 790
2271 1143 790
2272 1132 790
2273 1208 784
2274 1220 784
2275 1232 784
2276 1244 784
2277 1291 784
2278 1303 784
2279 1315 784
2280 1327 784
2281 1339 784
2282 1350 784
2283 1380 778
2284 1368 778
2285 1356 778
2286 1262 778
2287 1250 778
2288 1238 778
2289 1226 778
2290 1179 778
2291 1167 778
2292 1155 778
2293 1143 778
2294 1132 778
2295 1120 778
2296 1108 778
2297 1096 778
2298 1084 778
2299 1073 778
2300 1061 778
2301 1049 778
2302 1037 778
2303 1025 778
2304 1013 778
2305 1002 778
2306 990 778
2307 978 778
2308 966 778
2309 954 778
2310 942 778
2311 931 778
2312 919 778
2313 907 778
2314 895 778
2315 883 778
2316 871 778
2317 860 778
2318 848 778
2319 836 778
2320 824 778
2321 812 778
2322 801 778
2323 789 778
2324 777 778
2325 765 778
2326 753 778
2327 741 778
2328 1173 772
2329 1279 772
2330 1291 772
2331 1303 772
2332 1315 772
2333 1339 772
2334 1350 772
2335 1362 772
2336 1374 772
2337 1386 772
2338 1398 772
2339 1409 772
2340 1321 766
2341 1226 766
2342 1214 766
2343 1203 766
2344 1090 760
2345 1102 760
2346 1114 760
2347 1126 760
2348 1138 760
2349 1208 760
2350 1220 760
2351 1232 760
2352 1256 760
2353 1268 760
2354 1279 760
2355 1291 760
2356 1350 760
2357 1333 754
2358 1321 754
2359 1309 754
2360 1214 754
2361 1203 754
2362 1191 754
2363 1143 754
2364 1138 748
2365 1149 748
2366 1232 748
2367 1244 748
2368 1368 743
2369 1356 743
2370 1274 743
2371 1167 731
2372 1155 731
2373 1143 731
2374 1132 731
2375 1120 731
2376 1108 731
2377 1386 725
2378 1398 725
2379 1392 719
2380 1380 719
2381 1368 719
2382 795 548
2383 806 548
2384 818 548
2385 830 548
2386 842 548
2387 854 548
2388 866 548
2389 877 548
2390 889 548
2391 901 548
2392 913 548
2393 925 548
2394 937 548
2395 948 548
2396 960 548
2397 972 548
2398 984 548
2399 996 548
2400 1007 548
2401 1019 548
2402 1031 548
2403 1043 548
2404 1055 548
2405 1067 548
2406 1078 548
2407 1090 548
2408 1102 548
2409 1114 548
2410 1126 548
2411 1138 548
2412 1149 548
2413 1161 548
2414 1173 548
2415 1185 548
2416 1197 548
2417 1208 548
2418 1220 548
2419 1368 601
2420 1380 601
2421 1392 601
2422 1404 601
2423 1415 601
2424 1427 601
2425 1439 601
2426 1451 601
2427 1463 601
2428 1475 601
2429 1486 601
2430 1498 601
2431 1510 601
2432 1522 601
2433 1534 601
2434 1545 601
2435 1557 601
2436 1569 601
2437 1581 601
2438 1593 601
2439 1605 601
2440 1616 601
2441 1628 601
2442 1640 601
2443 1652 601
2444 1664 601
2445 1676 601
2446 1687 601
2447 1699 601
2448 1711 601
2449 1723 601
2450 1735 601
2451 1746 601
2452 1758 601
2453 1770 601
2454 1782 601
2455 1794 601
2456 1806 601
2457 1817 601
2458 1829 601
2459 1841 601
2460 1853 601
2461 1865 601
2462 1877 601
2463 1888 601
2464 1900 601
2465 1912 601
2466 1924 601
2467 1936 601
2468 1947 601
2469 1959 601
2470 1971 601
2471 1983 601
2472 1995 601
2473 2007 601
2474 2018 601
2475 2030 601
2476 2042 601
2477 2054 601
2478 2066 601
2479 2078 601
2480 2089 601
2481 1220 536
2482 1208 536
2483 1197 536
2484 1185 536
2485 1170 1944
2486 1300 1932
2487 1194 1921
2488 1418 1921
2489 1371 1909
2490 1253 1909
2491 1276 1885
2492 1324 1885
2493 1418 1885
2494 1324 1873
2495 342 1519
2496 1418 775
2497 1418 799
2498 2092 598
2499 1891 2051
2500 1879 2051
2501 1868 2051
2502 1856 2051
2503 1844 2051
2504 1832 2051
2505 1820 2051
2506 1809 2051
2507 1797 2051
2508 1785 2051
2509 1773 2051
2510 1761 2051
2511 1749 2051
2512 910 2051
2513 898 2051
2514 886 2051
2515 874 2051
2516 863 2051
2517 851 2051
2518 839 2051
2519 827 2051
2520 815 2051
2521 804 2051
2522 792 2051
2523 780 2051
2524 768 2051
2525 668 2045
2526 774 2045
2527 786 2045
2528 798 2045
2529 809 2045
2530 821 2045
2531 833 2045
2532 845 2045
2533 857 2045
2534 869 2045
2535 880 2045
2536 892 2045
2537 904 2045
2538 1649 2045
2539 1755 2045
2540 1767 2045
2541 1779 2045
2542 1791 2045
2543 1803 2045
2544 1814 2045
2545 1826 2045
2546 1838 2045
2547 1850 2045
2548 1862 2045
2549 1874 2045
2550 1885 2045
2551 1891 2039
2552 1879 2039
2553 1868 2039
2554 1856 2039
2555 1844 2039
2556 1832 2039
2557 1820 2039
2558 1809 2039
2559 1797 2039
2560 1785 2039
2561 1773 2039
2562 1761 2039
2563 1749 2039
2564 1702 2039
2565 1489 2039
2566 910 2039
2567 898 2039
2568 886 2039
2569 874 2039
2570 863 2039
2571 851 2039
2572 839 2039
2573 827 2039
2574 815 2039
2575 804 2039
2576 792 2039
2577 780 2039
2578 768 2039
2579 721 2039
2580 508 2039
2581 561 2033
2582 774 2033
2583 786 2033
2584 798 2033
2585 809 2033
2586 821 2033
2587 833 2033
2588 845 2033
2589 857 2033
2590 869 2033
2591 880 2033
2592 892 2033
2593 904 2033
2594 1542 2033
2595 1755 2033
2596 1767 2033
2597 1779 2033
2598 1791 2033
2599 1803 2033
2600 1814 2033
2601 1826 2033
2602 1838 2033
2603 1850 2033
2604 1862 2033
2605 1874 2033
2606 1885 2033
2607 1891 2027
2608 1879 2027
2609 1868 2027
2610 1856 2027
2611 1844 2027
2612 1832 2027
2613 1820 2027
2614 1809 2027
2615 1797 2027
2616 1785 2027
2617 1773 2027
2618 1761 2027
2619 1749 2027
2620 1596 2027
2621 910 2027
2622 898 2027
2623 886 2027
2624 874 2027
2625 863 2027
2626 851 2027
2627 839 2027
2628 827 2027
2629 815 2027
2630 804 2027
2631 792 2027
2632 780 2027
2633 768 2027
2634 614 2027
2635 768 173
2636 780 173
2637 792 173
2638 804 173
2639 815 173
2640 827 173
2641 839 173
2642 851 173
2643 863 173
2644 874 173
2645 886 173
2646 898 173
2647 910 173
2648 1749 173
2649 1761 173
2650 1773 173
2651 1785 173
2652 1797 173
2653 1809 173
2654 1820 173
2655 1832 173
2656 1844 173
2657 1856 173
2658 1868 173
2659 1879 173
2660 1891 173
2661 1885 167
2662 1874 167
2663 1862 167
2664 1850 167
2665 1838 167
2666 1826 167
2667 1814 167
2668 1803 167
2669 1791 167
2670 1779 167
2671 1767 167
2672 1755 167
2673 904 167
2674 892 167
2675 880 167
2676 869 167
2677 857 167
2678 845 167
2679 833 167
2680 821 167
2681 809 167
2682 798 167
2683 786 167
2684 774 167
2685 668 167
2686 1649 167
2687 1891 161
2688 1879 161
2689 1868 161
2690 1856 161
2691 1844 161
2692 1832 161
2693 1820 161
2694 1809 161
2695 1797 161
2696 1785 161
2697 1773 161
2698 1761 161
2699 1749 161
2700 910 161
2701 898 161
2702 886 161
2703 874 161
2704 863 161
2705 851 161
2706 839 161
2707 827 161
2708 815 161
2709 804 161
2710 792 161
2711 780 161
2712 768 161
2713 508 161
2714 721 161
2715 1489 161
2716 1702 161
2717 1885 155
2718 1874 155
2719 1862 155
2720 1850 155
2721 1838 155
2722 1826 155
2723 1814 155
2724 1803 155
2725 1791 155
2726 1779 155
2727 1767 155
2728 1755 155
2729 904 155
2730 892 155
2731 880 155
2732 869 155
2733 857 155
2734 845 155
2735 833 155
2736 821 155
2737 809 155
2738 798 155
2739 786 155
2740 774 155
2741 561 155
2742 1542 155
2743 1891 149
2744 1879 149
2745 1868 149
2746 1856 149
2747 1844 149
2748 1832 149
2749 1820 149
2750 1809 149
2751 1797 149
2752 1785 149
2753 1773 149
2754 1761 149
2755 1749 149
2756 910 149
2757 898 149
2758 886 149
2759 874 149
2760 863 149
2761 851 149
2762 839 149
2763 827 149
2764 815 149
2765 804 149
2766 792 149
2767 780 149
2768 768 149
2769 614 149
2770 1596 149
2771 1882 2048
2772 1871 2048
2773 1859 2048
2774 1847 2048
2775 1835 2048
2776 1823 2048
2777 1811 2048
2778 1800 2048
2779 1788 2048
2780 1776 2048
2781 1764 2048
2782 1752 2048
2783 1729 2048
2784 1717 2048
2785 1670 2048
2786 1658 2048
2787 1646 2048
2788 1634 2048
2789 1610 2048
2790 1599 2048
2791 1563 2048
2792 1551 2048
2793 1540 2048
2794 1528 2048
2795 1516 2048
2796 1504 2048
2797 1492 2048
2798 901 2048
2799 889 2048
2800 877 2048
2801 866 2048
2802 854 2048
2803 842 2048
2804 830 2048
2805 818 2048
2806 806 2048
2807 795 2048
2808 783 2048
2809 771 2048
2810 747 2048
2811 736 2048
2812 688 2048
2813 676 2048
2814 665 2048
2815 653 2048
2816 629 2048
2817 617 2048
2818 582 2048
2819 570 2048
2820 558 2048
2821 546 2048
2822 535 2048
2823 523 2048
2824 511 2048
2825 517 2042
2826 529 2042
2827 576 2042
2828 588 2042
2829 600 2042
2830 623 2042
2831 635 2042
2832 647 2042
2833 706 2042
2834 718 2042
2835 777 2042
2836 789 2042
2837 801 2042
2838 812 2042
2839 824 2042
2840 836 2042
2841 848 2042
2842 860 2042
2843 871 2042
2844 883 2042
2845 895 2042
2846 907 2042
2847 1498 2042
2848 1510 2042
2849 1557 2042
2850 1569 2042
2851 1581 2042
2852 1605 2042
2853 1616 2042
2854 1628 2042
2855 1687 2042
2856 1699 2042
2857 1758 2042
2858 1770 2042
2859 1782 2042
2860 1794 2042
2861 1806 2042
2862 1817 2042
2863 1829 2042
2864 1841 2042
2865 1853 2042
2866 1865 2042
2867 1877 2042
2868 1888 2042
2869 1882 2036
2870 1871 2036
2871 1859 2036
2872 1847 2036
2873 1835 2036
2874 1823 2036
2875 1811 2036
2876 1800 2036
2877 1788 2036
2878 1776 2036
2879 1764 2036
2880 1752 2036
2881 1705 2036
2882 1693 2036
2883 1681 2036
2884 1658 2036
2885 1646 2036
2886 1634 2036
2887 1551 2036
2888 1540 2036
2889 1528 2036
2890 1504 2036
2891 901 2036
2892 889 2036
2893 877 2036
2894 866 2036
2895 854 2036
2896 842 2036
2897 830 2036
2898 818 2036
2899 806 2036
2900 795 2036
2901 783 2036
2902 771 2036
2903 724 2036
2904 712 2036
2905 700 2036
2906 676 2036
2907 665 2036
2908 653 2036
2909 570 2036
2910 558 2036
2911 546 2036
2912 523 2036
2913 505 2030
2914 517 2030
2915 529 2030
2916 540 2030
2917 552 2030
2918 576 2030
2919 588 2030
2920 600 2030
2921 611 2030
2922 623 2030
2923 635 2030
2924 647 2030
2925 659 2030
2926 694 2030
2927 706 2030
2928 718 2030
2929 730 2030
2930 741 2030
2931 777 2030
2932 789 2030
2933 801 2030
2934 812 2030
2935 824 2030
2936 836 2030
2937 848 2030
2938 860 2030
2939 871 2030
2940 883 2030
2941 895 2030
2942 907 2030
2943 1486 2030
2944 1498 2030
2945 1510 2030
2946 1522 2030
2947 1534 2030
2948 1557 2030
2949 1569 2030
2950 1581 2030
2951 1593 2030
2952 1605 2030
2953 1616 2030
2954 1628 2030
2955 1640 2030
2956 1676 2030
2957 1687 2030
2958 1699 2030
2959 1711 2030
2960 1723 2030
2961 1758 2030
2962 1770 2030
2963 1782 2030
2964 1794 2030
2965 1806 2030
2966 1817 2030
2967 1829 2030
2968 1841 2030
2969 1853 2030
2970 1865 2030
2971 1877 2030
2972 1888 2030
2973 1882 170
2974 1871 170
2975 1859 170
2976 1847 170
2977 1835 170
2978 1823 170
2979 1811 170
2980 1800 170
2981 1788 170
2982 1776 170
2983 1764 170
2984 1752 170
2985 901 170
2986 889 170
2987 877 170
2988 866 170
2989 854 170
2990 842 170
2991 830 170
2992 818 170
2993 806 170
2994 795 170
2995 783 170
2996 771 170
2997 511 170
2998 523 170
2999 535 170
3000 546 170
3001 558 170
3002 570 170
3003 582 170
3004 617 170
3005 629 170
3006 653 170
3007 665 170
3008 676 170
3009 688 170
3010 736 170
3011 747 170
3012 1492 170
3013 1504 170
3014 1516 170
3015 1528 170
3016 1540 170
3017 1551 170
3018 1563 170
3019 1599 170
3020 1610 170
3021 1634 170
3022 1646 170
3023 1658 170
3024 1670 170
3025 1717 170
3026 1729 170
3027 1888 164
3028 1877 164
3029 1865 164
3030 1853 164
3031 1841 164
3032 1829 164
3033 1817 164
3034 1806 164
3035 1794 164
3036 1782 164
3037 1770 164
3038 1758 164
3039 907 164
3040 895 164
3041 883 164
3042 871 164
3043 860 164
3044 848 164
3045 836 164
3046 824 164
3047 812 164
3048 801 164
3049 789 164
3050 777 164
3051 517 164
3052 529 164
3053 576 164
3054 588 164
3055 600 164
3056 623 164
3057 635 164
3058 647 164
3059 706 164
3060 718 164
3061 1498 164
3062 1510 164
3063 1557 164
3064 1569 164
3065 1581 164
3066 1605 164
3067 1616 164
3068 1628 164
3069 1687 164
3070 1699 164
3071 1882 158
3072 1871 158
3073 1859 158
3074 1847 158
3075 1835 158
3076 1823 158
3077 1811 158
3078 1800 158
3079 1788 158
3080 1776 158
3081 1764 158
3082 1752 158
3083 901 158
3084 889 158
3085 877 158
3086 866 158
3087 854 158
3088 842 158
3089 830 158
3090 818 158
3091 806 158
3092 795 158
3093 783 158
3094 771 158
3095 523 158
3096 546 158
3097 558 158
3098 570 158
3099 653 158
3100 665 158
3101 676 158
3102 700 158
3103 712 158
3104 724 158
3105 1504 158
3106 1528 158
3107 1540 158
3108 1551 158
3109 1634 158
3110 1646 158
3111 1658 158
3112 1681 158
3113 1693 158
3114 1705 158
3115 1888 152
3116 1877 152
3117 1865 152
3118 1853 152
3119 1841 152
3120 1829 152
3121 1817 152
3122 1806 152
3123 1794 152
3124 1782 152
3125 1770 152
3126 1758 152
3127 907 152
3128 895 152
3129 883 152
3130 871 152
3131 860 152
3132 848 152
3133 836 152
3134 824 152
3135 812 152
3136 801 152
3137 789 152
3138 777 152
3139 505 152
3140 517 152
3141 529 152
3142 540 152
3143 552 152
3144 576 152
3145 588 152
3146 600 152
3147 611 152
3148 623 152
3149 635 152
3150 647 152
3151 659 152
3152 694 152
3153 706 152
3154 718 152
3155 730 152
3156 741 152
3157 1486 152
3158 1498 152
3159 1510 152
3160 1522 152
3161 1534 152
3162 1557 152
3163 1569 152
3164 1581 152
3165 1593 152
3166 1605 152
3167 1616 152
3168 1628 152
3169 1640 152
3170 1676 152
3171 1687 152
3172 1699 152
3173 1711 152
3174 1723 152
3175 1888 2048
3176 1877 2048
3177 1865 2048
3178 1853 2048
3179 1841 2048
3180 1829 2048
3181 1817 2048
3182 1806 2048
3183 1794 2048
3184 1782 2048
3185 1770 2048
3186 1758 2048
3187 1723 2048
3188 1711 2048
3189 1664 2048
3190 1640 2048
3191 1616 2048
3192 1605 2048
3193 1569 2048
3194 1557 2048
3195 1534 2048
3196 1522 2048
3197 1510 2048
3198 1498 2048
3199 907 2048
3200 895 2048
3201 883 2048
3202 871 2048
3203 860 2048
3204 848 2048
3205 836 2048
3206 824 2048
3207 812 2048
3208 801 2048
3209 789 2048
3210 777 2048
3211 741 2048
3212 730 2048
3213 682 2048
3214 659 2048
3215 635 2048
3216 623 2048
3217 588 2048
3218 576 2048
3219 552 2048
3220 540 2048
3221 529 2048
3222 517 2048
3223 511 2042
3224 523 2042
3225 570 2042
3226 582 2042
3227 594 2042
3228 629 2042
3229 641 2042
3230 700 2042
3231 712 2042
3232 771 2042
3233 783 2042
3234 795 2042
3235 806 2042
3236 818 2042
3237 830 2042
3238 842 2042
3239 854 2042
3240 866 2042
3241 877 2042
3242 889 2042
3243 901 2042
3244 1492 2042
3245 1504 2042
3246 1551 2042
3247 1563 2042
3248 1575 2042
3249 1610 2042
3250 1622 2042
3251 1681 2042
3252 1693 2042
3253 1752 2042
3254 1764 2042
3255 1776 2042
3256 1788 2042
3257 1800 2042
3258 1811 2042
3259 1823 2042
3260 1835 2042
3261 1847 2042
3262 1859 2042
3263 1871 2042
3264 1882 2042
3265 1888 2036
3266 1877 2036
3267 1865 2036
3268 1853 2036
3269 1841 2036
3270 1829 2036
3271 1817 2036
3272 1806 2036
3273 1794 2036
3274 1782 2036
3275 1770 2036
3276 1758 2036
3277 1711 2036
3278 1699 2036
3279 1687 2036
3280 1652 2036
3281 1640 2036
3282 1557 2036
3283 1545 2036
3284 1534 2036
3285 1498 2036
3286 907 2036
3287 895 2036
3288 883 2036
3289 871 2036
3290 860 2036
3291 848 2036
3292 836 2036
3293 824 2036
3294 812 2036
3295 801 2036
3296 789 2036
3297 777 2036
3298 730 2036
3299 718 2036
3300 706 2036
3301 670 2036
3302 659 2036
3303 576 2036
3304 564 2036
3305 552 2036
3306 517 2036
3307 511 2030
3308 523 2030
3309 546 2030
3310 558 2030
3311 582 2030
3312 605 2030
3313 629 2030
3314 653 2030
3315 665 2030
3316 688 2030
3317 700 2030
3318 712 2030
3319 724 2030
3320 736 2030
3321 747 2030
3322 771 2030
3323 783 2030
3324 795 2030
3325 806 2030
3326 818 2030
3327 830 2030
3328 842 2030
3329 854 2030
3330 866 2030
3331 877 2030
3332 889 2030
3333 901 2030
3334 1492 2030
3335 1504 2030
3336 1528 2030
3337 1540 2030
3338 1563 2030
3339 1587 2030
3340 1610 2030
3341 1634 2030
3342 1646 2030
3343 1670 2030
3344 1681 2030
3345 1693 2030
3346 1705 2030
3347 1717 2030
3348 1729 2030
3349 1752 2030
3350 1764 2030
3351 1776 2030
3352 1788 2030
3353 1800 2030
3354 1811 2030
3355 1823 2030
3356 1835 2030
3357 1847 2030
3358 1859 2030
3359 1871 2030
3360 1882 2030
3361 1888 170
3362 1877 170
3363 1865 170
3364 1853 170
3365 1841 170
3366 1829 170
3367 1817 170
3368 1806 170
3369 1794 170
3370 1782 170
3371 1770 170
3372 1758 170
3373 907 170
3374 895 170
3375 883 170
3376 871 170
3377 860 170
3378 848 170
3379 836 170
3380 824 170
3381 812 170
3382 801 170
3383 789 170
3384 777 170
3385 517 170
3386 529 170
3387 540 170
3388 552 170
3389 576 170
3390 588 170
3391 623 170
3392 635 170
3393 659 170
3394 682 170
3395 730 170
3396 741 170
3397 1498 170
3398 1510 170
3399 1522 170
3400 1534 170
3401 1557 170
3402 1569 170
3403 1605 170
3404 1616 170
3405 1640 170
3406 1664 170
3407 1711 170
3408 1723 170
3409 1882 164
3410 1871 164
3411 1859 164
3412 1847 164
3413 1835 164
3414 1823 164
3415 1811 164
3416 1800 164
3417 1788 164
3418 1776 164
3419 1764 164
3420 1752 164
3421 901 164
3422 889 164
3423 877 164
3424 866 164
3425 854 164
3426 842 164
3427 830 164
3428 818 164
3429 806 164
3430 795 164
3431 783 164
3432 771 164
3433 511 164
3434 523 164
3435 570 164
3436 582 164
3437 594 164
3438 629 164
3439 641 164
3440 700 164
3441 712 164
3442 1492 164
3443 1504 164
3444 1551 164
3445 1563 164
3446 1575 164
3447 1610 164
3448 1622 164
3449 1681 164
3450 1693 164
3451 1888 158
3452 1877 158
3453 1865 158
3454 1853 158
3455 1841 158
3456 1829 158
3457 1817 158
3458 1806 158
3459 1794 158
3460 1782 158
3461 1770 158
3462 1758 158
3463 907 158
3464 895 158
3465 883 158
3466 871 158
3467 860 158
3468 848 158
3469 836 158
3470 824 158
3471 812 158
3472 801 158
3473 789 158
3474 777 158
3475 517 158
3476 552 158
3477 564 158
3478 576 158
3479 659 158
3480 670 158
3481 706 158
3482 718 158
3483 730 158
3484 1498 158
3485 1534 158
3486 1545 158
3487 1557 158
3488 1640 158
3489 1652 158
3490 1687 158
3491 1699 158
3492 1711 158
3493 1882 152
3494 1871 152
3495 1859 152
3496 1847 152
3497 1835 152
3498 1823 152
3499 1811 152
3500 1800 152
3501 1788 152
3502 1776 152
3503 1764 152
3504 1752 152
3505 901 152
3506 889 152
3507 877 152
3508 866 152
3509 854 152
3510 842 152
3511 830 152
3512 818 152
3513 806 152
3514 795 152
3515 783 152
3516 771 152
3517 511 152
3518 523 152
3519 546 152
3520 558 152
3521 582 152
3522 605 152
3523 629 152
3524 653 152
3525 665 152
3526 688 152
3527 700 152
3528 712 152
3529 724 152
3530 736 152
3531 747 152
3532 1492 152
3533 1504 152
3534 1528 152
3535 1540 152
3536 1563 152
3537 1587 152
3538 1610 152
3539 1634 152
3540 1646 152
3541 1670 152
3542 1681 152
3543 1693 152
3544 1705 152
3545 1717 152
3546 1729 152
3547 1885 2051
3548 1874 2051
3549 1862 2051
3550 1850 2051
3551 1838 2051
3552 1826 2051
3553 1814 2051
3554 1803 2051
3555 1791 2051
3556 1779 2051
3557 1767 2051
3558 1755 2051
3559 904 2051
3560 892 2051
3561 880 2051
3562 869 2051
3563 857 2051
3564 845 2051
3565 833 2051
3566 821 2051
3567 809 2051
3568 798 2051
3569 786 2051
3570 774 2051
3571 768 2045
3572 780 2045
3573 792 2045
3574 804 2045
3575 815 2045
3576 827 2045
3577 839 2045
3578 851 2045
3579 863 2045
3580 874 2045
3581 886 2045
3582 898 2045
3583 910 2045
3584 1749 2045
3585 1761 2045
3586 1773 2045
3587 1785 2045
3588 1797 2045
3589 1809 2045
3590 1820 2045
3591 1832 2045
3592 1844 2045
3593 1856 2045
3594 1868 2045
3595 1879 2045
3596 1891 2045
3597 1885 2039
3598 1874 2039
3599 1862 2039
3600 1850 2039
3601 1838 2039
3602 1826 2039
3603 1814 2039
3604 1803 2039
3605 1791 2039
3606 1779 2039
3607 1767 2039
3608 1755 2039
3609 904 2039
3610 892 2039
3611 880 2039
3612 869 2039
3613 857 2039
3614 845 2039
3615 833 2039
3616 821 2039
3617 809 2039
3618 798 2039
3619 786 2039
3620 774 2039
3621 768 2033
3622 780 2033
3623 792 2033
3624 804 2033
3625 815 2033
3626 827 2033
3627 839 2033
3628 851 2033
3629 863 2033
3630 874 2033
3631 886 2033
3632 898 2033
3633 910 2033
3634 1749 2033
3635 1761 2033
3636 1773 2033
3637 1785 2033
3638 1797 2033
3639 1809 2033
3640 1820 2033
3641 1832 2033
3642 1844 2033
3643 1856 2033
3644 1868 2033
3645 1879 2033
3646 1891 2033
3647 1885 2027
3648 1874 2027
3649 1862 2027
3650 1850 2027
3651 1838 2027
3652 1826 2027
3653 1814 2027
3654 1803 2027
3655 1791 2027
3656 1779 2027
3657 1767 2027
3658 1755 2027
3659 904 2027
3660 892 2027
3661 880 2027
3662 869 2027
3663 857 2027
3664 845 2027
3665 833 2027
3666 821 2027
3667 809 2027
3668 798 2027
3669 786 2027
3670 774 2027
3671 774 173
3672 786 173
3673 798 173
3674 809 173
3675 821 173
3676 833 173
3677 845 173
3678 857 173
3679 869 173
3680 880 173
3681 892 173
3682 904 173
3683 1755 173
3684 1767 173
3685 1779 173
3686 1791 173
3687 1803 173
3688 1814 173
3689 1826 173
3690 1838 173
3691 1850 173
3692 1862 173
3693 1874 173
3694 1885 173
3695 1891 167
3696 1879 167
3697 1868 167
3698 1856 167
3699 1844 167
3700 1832 167
3701 1820 167
3702 1809 167
3703 1797 167
3704 1785 167
3705 1773 167
3706 1761 167
3707 1749 167
3708 910 167
3709 898 167
3710 886 167
3711 874 167
3712 863 167
3713 851 167
3714 839 167
3715 827 167
3716 815 167
3717 804 167
3718 792 167
3719 780 167
3720 768 167
3721 774 161
3722 786 161
3723 798 161
3724 809 161
3725 821 161
3726 833 161
3727 845 161
3728 857 161
3729 869 161
3730 880 161
3731 892 161
3732 904 161
3733 1755 161
3734 1767 161
3735 1779 161
3736 1791 161
3737 1803 161
3738 1814 161
3739 1826 161
3740 1838 161
3741 1850 161
3742 1862 161
3743 1874 161
3744 1885 161
3745 1891 155
3746 1879 155
3747 1868 155
3748 1856 155
3749 1844 155
3750 1832 155
3751 1820 155
3752 1809 155
3753 1797 155
3754 1785 155
3755 1773 155
3756 1761 155
3757 1749 155
3758 910 155
3759 898 155
3760 886 155
3761 874 155
3762 863 155
3763 851 155
3764 839 155
3765 827 155
3766 815 155
3767 804 155
3768 792 155
3769 780 155
3770 768 155
3771 774 149
3772 786 149
3773 798 149
3774 809 149
3775 821 149
3776 833 149
3777 845 149
3778 857 149
3779 869 149
3780 880 149
3781 892 149
3782 904 149
3783 1755 149
3784 1767 149
3785 1779 149
3786 1791 149
3787 1803 149
3788 1814 149
3789 1826 149
3790 1838 149
3791 1850 149
3792 1862 149
3793 1874 149
3794 1885 149
3795 0 0
