417
1 1025 1971
2 1161 1965
3 1191 1959
4 1167 1959
5 1096 1959
6 1102 1953
7 1090 1953
8 1019 1953
9 1232 1941
10 1043 1941
11 1238 1935
12 1167 1935
13 1132 1935
14 1268 1929
15 1244 1929
16 1067 1929
17 1179 1924
18 1049 1924
19 1037 1924
20 1126 1918
21 1090 1918
22 984 1918
23 1327 1906
24 1031 1906
25 996 1906
26 1049 1900
27 1185 1894
28 1114 1894
29 1315 1882
30 1291 1882
31 1078 1882
32 1013 1876
33 1735 1746
34 741 1746
35 1729 1741
36 736 1741
37 1522 1723
38 529 1723
39 1185 1646
40 1569 1522
41 576 1522
42 1149 1445
43 617 1445
44 1031 1422
45 1108 1416
46 753 1416
47 1031 1410
48 594 1410
49 759 1398
50 605 1398
51 753 1274
52 659 1250
53 1268 1244
54 594 1244
55 611 1227
56 1279 1221
57 659 1156
58 1226 1002
59 1149 996
60 1610 973
61 1037 802
62 1315 796
63 1114 796
64 1090 796
65 1274 790
66 1132 790
67 1108 790
68 1013 790
69 1268 784
70 1114 784
71 1031 784
72 1664 778
73 1238 778
74 1096 778
75 1049 778
76 978 778
77 1232 772
78 1185 772
79 1078 772
80 1055 772
81 1019 772
82 1214 766
83 1191 766
84 1167 766
85 1084 766
86 1073 766
87 1232 760
88 1161 760
89 1262 754
90 1250 754
91 1179 754
92 1025 754
93 1268 748
94 1244 748
95 1173 748
96 1132 743
97 1120 743
98 1019 725
99 996 725
100 1037 719
101 1002 719
102 1173 559
103 1610 548
104 1173 548
105 1220 536
106 1628 2048
107 1628 2036
108 1616 2048
109 1616 2036
110 1605 2048
111 1605 2036
112 1593 2048
113 1593 2036
114 1581 2048
115 1581 2036
116 1569 2048
117 1569 2036
118 1557 2048
119 1557 2036
120 1545 2048
121 1545 2036
122 1534 2048
123 1534 2036
124 1522 2048
125 1522 2036
126 1510 2048
127 1510 2036
128 1498 2048
129 1498 2036
130 1622 2042
131 1622 2030
132 1610 2042
133 1610 2030
134 1599 2042
135 1599 2030
136 1587 2042
137 1587 2030
138 1575 2042
139 1575 2030
140 1563 2042
141 1563 2030
142 1551 2042
143 1551 2030
144 1540 2042
145 1540 2030
146 1528 2042
147 1528 2030
148 1516 2042
149 1516 2030
150 1504 2042
151 1504 2030
152 1492 2042
153 1492 2030
154 647 2048
155 647 2036
156 635 2048
157 635 2036
158 623 2048
159 623 2036
160 611 2048
161 611 2036
162 600 2048
163 600 2036
164 588 2048
165 588 2036
166 576 2048
167 576 2036
168 564 2048
169 564 2036
170 552 2048
171 552 2036
172 540 2048
173 540 2036
174 529 2048
175 529 2036
176 517 2048
177 517 2036
178 641 2042
179 641 2030
180 629 2042
181 629 2030
182 617 2042
183 617 2030
184 605 2042
185 605 2030
186 594 2042
187 594 2030
188 582 2042
189 582 2030
190 570 2042
191 570 2030
192 558 2042
193 558 2030
194 546 2042
195 546 2030
196 535 2042
197 535 2030
198 523 2042
199 523 2030
200 511 2042
201 511 2030
202 1628 170
203 1628 158
204 1616 170
205 1616 158
206 1605 170
207 1605 158
208 1593 170
209 1593 158
210 1581 170
211 1581 158
212 1569 170
213 1569 158
214 1557 170
215 1557 158
216 1545 170
217 1545 158
218 1534 170
219 1534 158
220 1522 170
221 1522 158
222 1510 170
223 1510 158
224 1498 170
225 1498 158
226 1622 164
227 1622 152
228 1610 164
229 1610 152
230 1599 164
231 1599 152
232 1587 164
233 1587 152
234 1575 164
235 1575 152
236 1563 164
237 1563 152
238 1551 164
239 1551 152
240 1540 164
241 1540 152
242 1528 164
243 1528 152
244 1516 164
245 1516 152
246 1504 164
247 1504 152
248 1492 164
249 1492 152
250 647 170
251 647 158
252 635 170
253 635 158
254 623 170
255 623 158
256 611 170
257 611 158
258 600 170
259 600 158
260 588 170
261 588 158
262 576 170
263 576 158
264 564 170
265 564 158
266 552 170
267 552 158
268 540 170
269 540 158
270 529 170
271 529 158
272 517 170
273 517 158
274 641 164
275 641 152
276 629 164
277 629 152
278 617 164
279 617 152
280 605 164
281 605 152
282 594 164
283 594 152
284 582 164
285 582 152
286 570 164
287 570 152
288 558 164
289 558 152
290 546 164
291 546 152
292 535 164
293 535 152
294 523 164
295 523 152
296 511 164
297 511 152
298 1888 2048
299 1877 2048
300 1853 2048
301 1841 2048
302 1829 2048
303 1782 2048
304 1746 2048
305 1723 2048
306 1711 2048
307 1676 2048
308 1652 2048
309 907 2048
310 895 2048
311 871 2048
312 860 2048
313 848 2048
314 801 2048
315 765 2048
316 741 2048
317 730 2048
318 694 2048
319 670 2048
320 1871 2042
321 1800 2042
322 1776 2042
323 1752 2042
324 889 2042
325 818 2042
326 795 2042
327 771 2042
328 1877 2036
329 1853 2036
330 1841 2036
331 1746 2036
332 1723 2036
333 1699 2036
334 895 2036
335 871 2036
336 860 2036
337 765 2036
338 741 2036
339 718 2036
340 1894 2030
341 1871 2030
342 1859 2030
343 1823 2030
344 1811 2030
345 1800 2030
346 1776 2030
347 1764 2030
348 1752 2030
349 913 2030
350 889 2030
351 877 2030
352 842 2030
353 830 2030
354 818 2030
355 795 2030
356 783 2030
357 771 2030
358 1888 170
359 1877 170
360 1853 170
361 1841 170
362 1829 170
363 1782 170
364 1746 170
365 1723 170
366 1711 170
367 1676 170
368 1652 170
369 907 170
370 895 170
371 871 170
372 860 170
373 848 170
374 801 170
375 765 170
376 741 170
377 730 170
378 694 170
379 670 170
380 1871 164
381 1800 164
382 1776 164
383 1752 164
384 889 164
385 818 164
386 795 164
387 771 164
388 1877 158
389 1853 158
390 1841 158
391 1746 158
392 1723 158
393 1699 158
394 895 158
395 871 158
396 860 158
397 765 158
398 741 158
399 718 158
400 1894 152
401 1871 152
402 1859 152
403 1823 152
404 1811 152
405 1800 152
406 1776 152
407 1764 152
408 1752 152
409 913 152
410 889 152
411 877 152
412 842 152
413 830 152
414 818 152
415 795 152
416 783 152
417 771 152
