137
1 71 -156
2 64 -147
3 61 -149
4 58 -134
5 49 -123
6 53 -113
7 51 -114
8 50 -104
9 52 -106
10 49 -97
11 58 -94
12 43 -79
13 45 -75
14 45 -73
15 46 -71
16 44 -63
17 47 -52
18 47 -122
19 47 -117
20 38 -121
21 37 -122
22 34 -118
23 32 -117
24 40 -111
25 33 -112
26 39 -105
27 35 -106
28 31 -106
29 46 -92
30 44 -93
31 41 -95
32 39 -94
33 35 -97
34 32 -96
35 29 -95
36 43 -87
37 41 -87
38 38 -90
39 35 -90
40 29 -90
41 42 -83
42 40 -80
43 39 -84
44 33 -84
45 42 -71
46 40 -74
47 39 -75
48 38 -77
49 30 -81
50 25 -80
51 25 -77
52 28 -106
53 25 -103
54 25 -100
55 22 -97
56 22 -100
57 20 -103
58 19 -99
59 19 -98
60 19 -96
61 16 -99
62 17 -96
63 17 -92
64 20 -89
65 17 -88
66 14 -90
67 13 -89
68 14 -87
69 12 -86
70 9 -84
71 8 -79
72 23 -82
73 22 -79
74 20 -75
75 18 -76
76 18 -72
77 18 -69
78 18 -66
79 14 -61
80 13 -59
81 10 -61
82 12 -68
83 4 -52
84 5 -55
85 6 -58
86 10 -66
87 10 -71
88 10 -74
89 6 -75
90 4 -74
91 3 -76
92 0 -91
93 0 -78
94 -1 -78
95 -2 -79
96 -3 -73
97 -8 -79
98 -12 -77
99 -13 -71
100 -16 -71
101 -16 -68
102 -17 -63
103 -19 -65
104 -23 -70
105 -33 -70
106 -36 -73
107 -53 -70
108 -51 -57
109 -38 -62
110 -38 -57
111 -34 -56
112 -34 -58
113 -32 -60
114 -31 -64
115 -32 -68
116 -26 -65
117 -25 -57
118 -30 -51
119 -27 -48
120 -25 -49
121 -23 -46
122 -22 -43
123 -20 -43
124 -19 -43
125 -20 -54
126 -15 -56
127 -16 -49
128 -15 -47
129 -12 -38
130 -8 -34
131 -5 -35
132 -3 -38
133 -5 -42
134 -2 -44
135 -1 -48
136 -3 -60
137 -8 -63
