229
1 68 33
2 64 40
3 59 30
4 59 24
5 56 24
6 54 20
7 54 25
8 53 27
9 49 24
10 50 30
11 46 30
12 55 37
13 56 44
14 55 49
15 53 50
16 51 39
17 50 36
18 48 34
19 44 33
20 47 39
21 48 44
22 46 48
23 41 44
24 40 44
25 40 49
26 58 56
27 56 60
28 67 63
29 69 88
30 55 73
31 55 82
32 56 92
33 49 73
34 43 76
35 41 69
36 39 66
37 38 68
38 43 87
39 52 104
40 47 106
41 52 113
42 62 129
43 64 177
44 53 158
45 59 150
46 50 127
47 50 137
48 48 135
49 46 142
50 43 131
51 41 28
52 38 27
53 39 32
54 38 35
55 39 37
56 39 41
57 37 40
58 37 35
59 36 37
60 34 36
61 33 36
62 33 35
63 31 35
64 32 35
65 32 34
66 31 35
67 24 39
68 21 39
69 21 39
70 15 44
71 14 42
72 12 45
73 14 49
74 23 58
75 25 55
76 25 51
77 26 50
78 24 46
79 29 47
80 30 47
81 33 44
82 35 44
83 36 43
84 38 46
85 37 49
86 35 51
87 34 47
88 30 48
89 32 51
90 29 52
91 30 57
92 36 59
93 34 62
94 31 65
95 34 69
96 33 73
97 31 74
98 31 73
99 30 71
100 30 67
101 27 68
102 25 68
103 24 67
104 30 78
105 28 77
106 26 73
107 26 75
108 26 80
109 25 83
110 25 85
111 22 88
112 23 72
113 21 79
114 20 85
115 18 72
116 17 78
117 17 83
118 15 75
119 12 77
120 13 80
121 10 78
122 9 78
123 6 79
124 27 85
125 27 89
126 23 90
127 22 91
128 22 96
129 16 96
130 18 98
131 19 102
132 17 102
133 21 105
134 16 107
135 16 108
136 10 106
137 11 104
138 13 100
139 5 100
140 3 101
141 1 103
142 3 98
143 0 100
144 -2 104
145 -6 106
146 -6 107
147 -7 110
148 -7 112
149 -8 115
150 -10 123
151 -3 114
152 1 110
153 4 114
154 0 117
155 -5 119
156 1 124
157 -3 128
158 -5 132
159 7 125
160 10 123
161 10 122
162 14 121
163 22 114
164 22 120
165 25 121
166 29 91
167 36 103
168 34 108
169 30 104
170 29 106
171 25 102
172 23 113
173 26 119
174 30 114
175 32 118
176 31 121
177 34 113
178 36 120
179 37 112
180 39 117
181 39 116
182 38 121
183 41 123
184 45 126
185 39 125
186 37 126
187 35 129
188 43 141
189 39 140
190 38 140
191 35 139
192 35 136
193 36 136
194 35 135
195 34 135
196 34 132
197 32 129
198 31 130
199 26 127
200 13 144
201 -2 140
202 -4 152
203 -9 147
204 -12 130
205 -31 115
206 -34 138
207 -37 144
208 -42 147
209 -33 151
210 -27 153
211 -19 146
212 -23 133
213 -45 170
214 -43 172
215 -41 174
216 -36 174
217 -21 -175
218 -14 -170
219 -18 178
220 -22 166
221 -9 159
222 0 166
223 11 165
224 21 -157
225 1 -157
226 -9 -139
227 -17 -149
228 -25 -130
229 -27 -109
