431
1 37 -25
2 38 -9
3 41 -8
4 37 -5
5 36 -6
6 36 -4
7 37 -3
8 37 -4
9 38 0
10 39 0
11 41 2
12 41 0
13 40 -3
14 41 -4
15 43 -2
16 43 -8
17 38 1
18 39 2
19 42 1
20 44 0
21 43 1
22 43 5
23 43 7
24 43 7
25 42 9
26 45 1
27 45 4
28 45 4
29 45 5
30 48 -4
31 48 -1
32 47 -1
33 47 0
34 49 0
35 48 2
36 49 4
37 47 5
38 48 6
39 48 7
40 49 6
41 50 5
42 50 4
43 50 3
44 51 3
45 51 4
46 51 5
47 51 4
48 52 4
49 52 5
50 53 6
51 50 -4
52 50 -1
53 50 0
54 51 -3
55 51 -2
56 51 0
57 52 -1
58 53 -2
59 53 -2
60 53 -1
61 53 -1
62 54 -1
63 55 -3
64 55 -4
65 56 -3
66 57 -2
67 60 -1
68 62 -6
69 51 -8
70 52 -8
71 53 -6
72 54 -5
73 55 -7
74 64 -21
75 64 -51
76 76 -68
77 70 23
78 68 17
79 65 25
80 61 23
81 60 22
82 60 24
83 63 10
84 60 5
85 58 5
86 59 10
87 57 11
88 55 13
89 58 15
90 59 18
91 57 18
92 56 10
93 55 10
94 55 12
95 53 8
96 53 9
97 54 10
98 54 12
99 51 7
100 52 9
101 52 11
102 52 13
103 50 6
104 50 7
105 50 6
106 51 6
107 51 7
108 51 7
109 51 7
110 51 7
111 51 7
112 51 9
113 50 11
114 51 11
115 51 12
116 50 12
117 51 13
118 49 6
119 50 8
120 49 8
121 49 9
122 49 11
123 49 8
124 48 9
125 49 12
126 48 11
127 46 6
128 46 6
129 46 7
130 47 7
131 47 8
132 47 11
133 47 13
134 48 14
135 48 16
136 47 15
137 45 7
138 45 9
139 45 11
140 45 12
141 45 13
142 44 8
143 44 11
144 43 11
145 43 12
146 39 9
147 41 12
148 40 14
149 41 15
150 41 16
151 40 17
152 38 15
153 37 15
154 38 13
155 35 14
156 53 14
157 54 18
158 53 18
159 52 16
160 51 19
161 52 21
162 53 23
163 51 17
164 50 19
165 50 19
166 51 22
167 49 13
168 50 14
169 49 18
170 49 16
171 48 17
172 48 21
173 47 19
174 47 21
175 46 18
176 46 20
177 45 21
178 46 23
179 47 27
180 45 24
181 45 25
182 44 26
183 44 28
184 46 14
185 45 14
186 45 15
187 43 16
188 43 18
189 44 20
190 42 18
191 41 21
192 41 19
193 42 23
194 42 24
195 43 27
196 42 27
197 39 19
198 40 22
199 38 21
200 37 23
201 35 25
202 35 33
203 68 33
204 64 40
205 59 30
206 59 24
207 56 24
208 54 20
209 54 25
210 53 27
211 49 24
212 50 30
213 46 30
214 55 37
215 56 44
216 55 49
217 53 50
218 51 39
219 50 36
220 48 34
221 44 33
222 47 39
223 48 44
224 46 48
225 41 44
226 40 44
227 40 49
228 58 56
229 56 60
230 67 63
231 69 88
232 55 73
233 55 82
234 56 92
235 49 73
236 43 76
237 41 69
238 39 66
239 38 68
240 43 87
241 52 104
242 47 106
243 52 113
244 62 129
245 64 177
246 53 158
247 59 150
248 50 127
249 50 137
250 48 135
251 46 142
252 43 131
253 41 28
254 38 27
255 39 32
256 38 35
257 39 37
258 39 41
259 37 40
260 37 35
261 36 37
262 34 36
263 33 36
264 33 35
265 31 35
266 32 35
267 32 34
268 31 35
269 24 39
270 21 39
271 21 39
272 15 44
273 14 42
274 12 45
275 14 49
276 23 58
277 25 55
278 25 51
279 26 50
280 24 46
281 29 47
282 30 47
283 33 44
284 35 44
285 36 43
286 38 46
287 37 49
288 35 51
289 34 47
290 30 48
291 32 51
292 29 52
293 30 57
294 36 59
295 34 62
296 31 65
297 34 69
298 33 73
299 31 74
300 31 73
301 30 71
302 30 67
303 27 68
304 25 68
305 24 67
306 30 78
307 28 77
308 26 73
309 26 75
310 26 80
311 25 83
312 25 85
313 22 88
314 23 72
315 21 79
316 20 85
317 18 72
318 17 78
319 17 83
320 15 75
321 12 77
322 13 80
323 10 78
324 9 78
325 6 79
326 27 85
327 27 89
328 23 90
329 22 91
330 22 96
331 16 96
332 18 98
333 19 102
334 17 102
335 21 105
336 16 107
337 16 108
338 10 106
339 11 104
340 13 100
341 5 100
342 3 101
343 1 103
344 3 98
345 0 100
346 -2 104
347 -6 106
348 -6 107
349 -7 110
350 -7 112
351 -8 115
352 -10 123
353 -3 114
354 1 110
355 4 114
356 0 117
357 -5 119
358 1 124
359 -3 128
360 -5 132
361 7 125
362 10 123
363 10 122
364 14 121
365 22 114
366 22 120
367 25 121
368 29 91
369 36 103
370 34 108
371 30 104
372 29 106
373 25 102
374 23 113
375 26 119
376 30 114
377 32 118
378 31 121
379 34 113
380 36 120
381 37 112
382 39 117
383 39 116
384 38 121
385 41 123
386 45 126
387 39 125
388 37 126
389 35 129
390 43 141
391 39 140
392 38 140
393 35 139
394 35 136
395 36 136
396 35 135
397 34 135
398 34 132
399 32 129
400 31 130
401 26 127
402 13 144
403 -2 140
404 -4 152
405 -9 147
406 -12 130
407 -31 115
408 -34 138
409 -37 144
410 -42 147
411 -33 151
412 -27 153
413 -19 146
414 -23 133
415 -45 170
416 -43 172
417 -41 174
418 -36 174
419 -21 -175
420 -14 -170
421 -18 178
422 -22 166
423 -9 159
424 0 166
425 11 165
426 21 -157
427 1 -157
428 -9 -139
429 -17 -149
430 -25 -130
431 -27 -109
