666
1 90 0
2 71 -156
3 64 -147
4 61 -149
5 58 -134
6 49 -123
7 53 -113
8 51 -114
9 50 -104
10 52 -106
11 49 -97
12 58 -94
13 43 -79
14 45 -75
15 45 -73
16 46 -71
17 44 -63
18 47 -52
19 47 -122
20 47 -117
21 38 -121
22 37 -122
23 34 -118
24 32 -117
25 40 -111
26 33 -112
27 39 -105
28 35 -106
29 31 -106
30 46 -92
31 44 -93
32 41 -95
33 39 -94
34 35 -97
35 32 -96
36 29 -95
37 43 -87
38 41 -87
39 38 -90
40 35 -90
41 29 -90
42 42 -83
43 40 -80
44 39 -84
45 33 -84
46 42 -71
47 40 -74
48 39 -75
49 38 -77
50 30 -81
51 25 -80
52 25 -77
53 28 -106
54 25 -103
55 25 -100
56 22 -97
57 22 -100
58 20 -103
59 19 -99
60 19 -98
61 19 -96
62 16 -99
63 17 -96
64 17 -92
65 20 -89
66 17 -88
67 14 -90
68 13 -89
69 14 -87
70 12 -86
71 9 -84
72 8 -79
73 23 -82
74 22 -79
75 20 -75
76 18 -76
77 18 -72
78 18 -69
79 18 -66
80 14 -61
81 13 -59
82 10 -61
83 12 -68
84 4 -52
85 5 -55
86 6 -58
87 10 -66
88 10 -71
89 10 -74
90 6 -75
91 4 -74
92 3 -76
93 0 -91
94 0 -78
95 -1 -78
96 -2 -79
97 -3 -73
98 -8 -79
99 -12 -77
100 -13 -71
101 -16 -71
102 -16 -68
103 -17 -63
104 -19 -65
105 -23 -70
106 -33 -70
107 -36 -73
108 -53 -70
109 -51 -57
110 -38 -62
111 -38 -57
112 -34 -56
113 -34 -58
114 -32 -60
115 -31 -64
116 -32 -68
117 -26 -65
118 -25 -57
119 -30 -51
120 -27 -48
121 -25 -49
122 -23 -46
123 -22 -43
124 -20 -43
125 -19 -43
126 -20 -54
127 -15 -56
128 -16 -49
129 -15 -47
130 -12 -38
131 -8 -34
132 -5 -35
133 -3 -38
134 -5 -42
135 -2 -44
136 -1 -48
137 -3 -60
138 -8 -63
139 14 -23
140 28 -15
141 32 -16
142 31 -8
143 33 -7
144 34 -6
145 34 -4
146 35 -5
147 35 0
148 36 3
149 22 5
150 36 6
151 36 10
152 34 10
153 32 13
154 32 20
155 31 29
156 31 32
157 29 32
158 30 31
159 24 32
160 19 37
161 15 32
162 13 30
163 13 25
164 15 38
165 9 38
166 11 43
167 18 -15
168 14 -17
169 13 -16
170 11 -15
171 16 -3
172 12 -8
173 10 -9
174 9 -13
175 8 -13
176 6 -10
177 5 -4
178 6 -1
179 5 0
180 6 1
181 6 2
182 12 -1
183 13 2
184 12 8
185 11 13
186 12 15
187 6 3
188 6 7
189 0 6
190 3 8
191 3 11
192 4 18
193 0 9
194 -4 15
195 -4 15
196 0 18
197 -5 22
198 0 25
199 -3 29
200 -1 30
201 0 32
202 -1 36
203 2 45
204 -4 39
205 -6 39
206 -6 39
207 -8 13
208 -12 15
209 -11 27
210 -12 28
211 -15 28
212 -20 28
213 -17 31
214 -15 35
215 -19 34
216 -25 32
217 -15 -5
218 -37 -12
219 -22 14
220 -22 17
221 -26 15
222 -24 25
223 -25 28
224 -26 28
225 -29 26
226 -29 30
227 -33 27
228 -33 25
229 -33 18
230 -23 43
231 -18 47
232 -12 49
233 -20 57
234 -4 55
235 37 -25
236 38 -9
237 41 -8
238 37 -5
239 36 -6
240 36 -4
241 37 -3
242 37 -4
243 38 0
244 39 0
245 41 2
246 41 0
247 40 -3
248 41 -4
249 43 -2
250 43 -8
251 38 1
252 39 2
253 42 1
254 44 0
255 43 1
256 43 5
257 43 7
258 43 7
259 42 9
260 45 1
261 45 4
262 45 4
263 45 5
264 48 -4
265 48 -1
266 47 -1
267 47 0
268 49 0
269 48 2
270 49 4
271 47 5
272 48 6
273 48 7
274 49 6
275 50 5
276 50 4
277 50 3
278 51 3
279 51 4
280 51 5
281 51 4
282 52 4
283 52 5
284 53 6
285 50 -4
286 50 -1
287 50 0
288 51 -3
289 51 -2
290 51 0
291 52 -1
292 53 -2
293 53 -2
294 53 -1
295 53 -1
296 54 -1
297 55 -3
298 55 -4
299 56 -3
300 57 -2
301 60 -1
302 62 -6
303 51 -8
304 52 -8
305 53 -6
306 54 -5
307 55 -7
308 64 -21
309 64 -51
310 76 -68
311 70 23
312 68 17
313 65 25
314 61 23
315 60 22
316 60 24
317 63 10
318 60 5
319 58 5
320 59 10
321 57 11
322 55 13
323 58 15
324 59 18
325 57 18
326 56 10
327 55 10
328 55 12
329 53 8
330 53 9
331 54 10
332 54 12
333 51 7
334 52 9
335 52 11
336 52 13
337 50 6
338 50 7
339 50 6
340 51 6
341 51 7
342 51 7
343 51 7
344 51 7
345 51 7
346 51 9
347 50 11
348 51 11
349 51 12
350 50 12
351 51 13
352 49 6
353 50 8
354 49 8
355 49 9
356 49 11
357 49 8
358 48 9
359 49 12
360 48 11
361 46 6
362 46 6
363 46 7
364 47 7
365 47 8
366 47 11
367 47 13
368 48 14
369 48 16
370 47 15
371 45 7
372 45 9
373 45 11
374 45 12
375 45 13
376 44 8
377 44 11
378 43 11
379 43 12
380 39 9
381 41 12
382 40 14
383 41 15
384 41 16
385 40 17
386 38 15
387 37 15
388 38 13
389 35 14
390 53 14
391 54 18
392 53 18
393 52 16
394 51 19
395 52 21
396 53 23
397 51 17
398 50 19
399 50 19
400 51 22
401 49 13
402 50 14
403 49 18
404 49 16
405 48 17
406 48 21
407 47 19
408 47 21
409 46 18
410 46 20
411 45 21
412 46 23
413 47 27
414 45 24
415 45 25
416 44 26
417 44 28
418 46 14
419 45 14
420 45 15
421 43 16
422 43 18
423 44 20
424 42 18
425 41 21
426 41 19
427 42 23
428 42 24
429 43 27
430 42 27
431 39 19
432 40 22
433 38 21
434 37 23
435 35 25
436 35 33
437 68 33
438 64 40
439 59 30
440 59 24
441 56 24
442 54 20
443 54 25
444 53 27
445 49 24
446 50 30
447 46 30
448 55 37
449 56 44
450 55 49
451 53 50
452 51 39
453 50 36
454 48 34
455 44 33
456 47 39
457 48 44
458 46 48
459 41 44
460 40 44
461 40 49
462 58 56
463 56 60
464 67 63
465 69 88
466 55 73
467 55 82
468 56 92
469 49 73
470 43 76
471 41 69
472 39 66
473 38 68
474 43 87
475 52 104
476 47 106
477 52 113
478 62 129
479 64 177
480 53 158
481 59 150
482 50 127
483 50 137
484 48 135
485 46 142
486 43 131
487 41 28
488 38 27
489 39 32
490 38 35
491 39 37
492 39 41
493 37 40
494 37 35
495 36 37
496 34 36
497 33 36
498 33 35
499 31 35
500 32 35
501 32 34
502 31 35
503 24 39
504 21 39
505 21 39
506 15 44
507 14 42
508 12 45
509 14 49
510 23 58
511 25 55
512 25 51
513 26 50
514 24 46
515 29 47
516 30 47
517 33 44
518 35 44
519 36 43
520 38 46
521 37 49
522 35 51
523 34 47
524 30 48
525 32 51
526 29 52
527 30 57
528 36 59
529 34 62
530 31 65
531 34 69
532 33 73
533 31 74
534 31 73
535 30 71
536 30 67
537 27 68
538 25 68
539 24 67
540 30 78
541 28 77
542 26 73
543 26 75
544 26 80
545 25 83
546 25 85
547 22 88
548 23 72
549 21 79
550 20 85
551 18 72
552 17 78
553 17 83
554 15 75
555 12 77
556 13 80
557 10 78
558 9 78
559 6 79
560 27 85
561 27 89
562 23 90
563 22 91
564 22 96
565 16 96
566 18 98
567 19 102
568 17 102
569 21 105
570 16 107
571 16 108
572 10 106
573 11 104
574 13 100
575 5 100
576 3 101
577 1 103
578 3 98
579 0 100
580 -2 104
581 -6 106
582 -6 107
583 -7 110
584 -7 112
585 -8 115
586 -10 123
587 -3 114
588 1 110
589 4 114
590 0 117
591 -5 119
592 1 124
593 -3 128
594 -5 132
595 7 125
596 10 123
597 10 122
598 14 121
599 22 114
600 22 120
601 25 121
602 29 91
603 36 103
604 34 108
605 30 104
606 29 106
607 25 102
608 23 113
609 26 119
610 30 114
611 32 118
612 31 121
613 34 113
614 36 120
615 37 112
616 39 117
617 39 116
618 38 121
619 41 123
620 45 126
621 39 125
622 37 126
623 35 129
624 43 141
625 39 140
626 38 140
627 35 139
628 35 136
629 36 136
630 35 135
631 34 135
632 34 132
633 32 129
634 31 130
635 26 127
636 13 144
637 -2 140
638 -4 152
639 -9 147
640 -12 130
641 -31 115
642 -34 138
643 -37 144
644 -42 147
645 -33 151
646 -27 153
647 -19 146
648 -23 133
649 -45 170
650 -43 172
651 -41 174
652 -36 174
653 -21 -175
654 -14 -170
655 -18 178
656 -22 166
657 -9 159
658 0 166
659 11 165
660 21 -157
661 1 -157
662 -9 -139
663 -17 -149
664 -25 -130
665 -27 -109
666 -90 0
