96
1 14 -23
2 28 -15
3 32 -16
4 31 -8
5 33 -7
6 34 -6
7 34 -4
8 35 -5
9 35 0
10 36 3
11 22 5
12 36 6
13 36 10
14 34 10
15 32 13
16 32 20
17 31 29
18 31 32
19 29 32
20 30 31
21 24 32
22 19 37
23 15 32
24 13 30
25 13 25
26 15 38
27 9 38
28 11 43
29 18 -15
30 14 -17
31 13 -16
32 11 -15
33 16 -3
34 12 -8
35 10 -9
36 9 -13
37 8 -13
38 6 -10
39 5 -4
40 6 -1
41 5 0
42 6 1
43 6 2
44 12 -1
45 13 2
46 12 8
47 11 13
48 12 15
49 6 3
50 6 7
51 0 6
52 3 8
53 3 11
54 4 18
55 0 9
56 -4 15
57 -4 15
58 0 18
59 -5 22
60 0 25
61 -3 29
62 -1 30
63 0 32
64 -1 36
65 2 45
66 -4 39
67 -6 39
68 -6 39
69 -8 13
70 -12 15
71 -11 27
72 -12 28
73 -15 28
74 -20 28
75 -17 31
76 -15 35
77 -19 34
78 -25 32
79 -15 -5
80 -37 -12
81 -22 14
82 -22 17
83 -26 15
84 -24 25
85 -25 28
86 -26 28
87 -29 26
88 -29 30
89 -33 27
90 -33 25
91 -33 18
92 -23 43
93 -18 47
94 -12 49
95 -20 57
96 -4 55
