654
1 1245 1255
2 1807 2192
3 1822 2207
4 1867 2732
5 2377 2612
6 2467 3587
7 2497 3587
8 2572 3677
9 2647 3782
10 2662 3977
11 3307 3377
12 3337 3347
13 3322 3632
14 3712 3677
15 4267 2372
16 5655 1255
17 4852 2507
18 4882 3497
19 4852 3617
20 4402 4067
21 4417 4052
22 4237 4022
23 4267 4007
24 4402 4007
25 4357 3977
26 4417 3962
27 4357 3947
28 4312 3932
29 4252 3932
30 4222 3902
31 4327 3887
32 4297 3872
33 4297 3842
34 4327 3827
35 4207 3827
36 4222 3767
37 4252 3767
38 4357 3752
39 4357 3722
40 4237 3722
41 4267 3707
42 4312 3692
43 4252 3662
44 4312 3647
45 4297 3632
46 4342 3617
47 4222 3602
48 4327 3587
49 4327 3527
50 4387 3467
51 4282 3467
52 4207 3467
53 4342 3437
54 4327 3422
55 4327 3392
56 4342 3377
57 4237 3362
58 4387 3317
59 4312 3272
60 4222 3257
61 4207 3227
62 3697 3482
63 2692 4667
64 2647 4682
65 3067 4922
66 3127 5042
67 3082 5087
68 3007 5117
69 3142 5222
70 2707 5117
71 2692 5057
72 2572 5027
73 2377 5132
74 1477 4022
75 1237 3992
76 1357 3962
77 1417 3932
78 1252 3932
79 1312 3902
80 1282 3827
81 1372 3827
82 1507 3827
83 1267 3812
84 1282 3797
85 1267 3767
86 1432 3767
87 1372 3737
88 1327 3722
89 1267 3707
90 1492 3662
91 1267 3632
92 1357 3602
93 1507 3587
94 1267 3572
95 1387 3527
96 1342 3512
97 1327 3452
98 1342 3377
99 1327 3317
100 1432 3272
101 1462 3257
102 1402 3227
103 1807 4712
104 1822 4727
105 1867 5252
106 1245 5845
107 1042 2462
108 1057 2462
109 1072 2462
110 1087 2462
111 1042 2477
112 1057 2477
113 1072 2477
114 1087 2477
115 1042 2492
116 1057 2492
117 1072 2492
118 1087 2492
119 1042 2507
120 1057 2507
121 1072 2507
122 1087 2507
123 1042 2522
124 1057 2522
125 1072 2522
126 1087 2522
127 1042 2537
128 1057 2537
129 1072 2537
130 1087 2537
131 1042 2552
132 1057 2552
133 1072 2552
134 1087 2552
135 1042 2567
136 1057 2567
137 1072 2567
138 1087 2567
139 1042 2582
140 1057 2582
141 1072 2582
142 1087 2582
143 1042 2597
144 1057 2597
145 1072 2597
146 1087 2597
147 1042 2612
148 1057 2612
149 1072 2612
150 1087 2612
151 1042 2627
152 1057 2627
153 1072 2627
154 1087 2627
155 1042 2642
156 1057 2642
157 1072 2642
158 1087 2642
159 1042 2657
160 1057 2657
161 1072 2657
162 1087 2657
163 1042 2672
164 1057 2672
165 1072 2672
166 1087 2672
167 1042 2687
168 1057 2687
169 1072 2687
170 1087 2687
171 1042 2702
172 1057 2702
173 1072 2702
174 1087 2702
175 1042 2717
176 1057 2717
177 1072 2717
178 1087 2717
179 1042 2732
180 1057 2732
181 1072 2732
182 1087 2732
183 1042 2747
184 1057 2747
185 1072 2747
186 1087 2747
187 1042 2762
188 1057 2762
189 1072 2762
190 1087 2762
191 1042 2777
192 1057 2777
193 1072 2777
194 1087 2777
195 1042 2792
196 1057 2792
197 1072 2792
198 1087 2792
199 1042 2807
200 1057 2807
201 1072 2807
202 1087 2807
203 1042 4952
204 1057 4952
205 1072 4952
206 1087 4952
207 1042 4967
208 1057 4967
209 1072 4967
210 1087 4967
211 1042 4982
212 1057 4982
213 1072 4982
214 1087 4982
215 1042 4997
216 1057 4997
217 1072 4997
218 1087 4997
219 1042 5012
220 1057 5012
221 1072 5012
222 1087 5012
223 1042 5027
224 1057 5027
225 1072 5027
226 1087 5027
227 1042 5042
228 1057 5042
229 1072 5042
230 1087 5042
231 1042 5057
232 1057 5057
233 1072 5057
234 1087 5057
235 1042 5072
236 1057 5072
237 1072 5072
238 1087 5072
239 1042 5087
240 1057 5087
241 1072 5087
242 1087 5087
243 1042 5102
244 1057 5102
245 1072 5102
246 1087 5102
247 1042 5117
248 1057 5117
249 1072 5117
250 1087 5117
251 1042 5132
252 1057 5132
253 1072 5132
254 1087 5132
255 1042 5147
256 1057 5147
257 1072 5147
258 1087 5147
259 1042 5162
260 1057 5162
261 1072 5162
262 1087 5162
263 1042 5177
264 1057 5177
265 1072 5177
266 1087 5177
267 1042 5192
268 1057 5192
269 1072 5192
270 1087 5192
271 1042 5207
272 1057 5207
273 1072 5207
274 1087 5207
275 1042 5222
276 1057 5222
277 1072 5222
278 1087 5222
279 1042 5237
280 1057 5237
281 1072 5237
282 1087 5237
283 1042 5252
284 1057 5252
285 1072 5252
286 1087 5252
287 1042 5267
288 1057 5267
289 1072 5267
290 1087 5267
291 1042 5282
292 1057 5282
293 1072 5282
294 1087 5282
295 1042 5297
296 1057 5297
297 1072 5297
298 1087 5297
299 5812 2462
300 5827 2462
301 5842 2462
302 5857 2462
303 5812 2477
304 5827 2477
305 5842 2477
306 5857 2477
307 5812 2492
308 5827 2492
309 5842 2492
310 5857 2492
311 5812 2507
312 5827 2507
313 5842 2507
314 5857 2507
315 5812 2522
316 5827 2522
317 5842 2522
318 5857 2522
319 5812 2537
320 5827 2537
321 5842 2537
322 5857 2537
323 5812 2552
324 5827 2552
325 5842 2552
326 5857 2552
327 5812 2567
328 5827 2567
329 5842 2567
330 5857 2567
331 5812 2582
332 5827 2582
333 5842 2582
334 5857 2582
335 5812 2597
336 5827 2597
337 5842 2597
338 5857 2597
339 5812 2612
340 5827 2612
341 5842 2612
342 5857 2612
343 5812 2627
344 5827 2627
345 5842 2627
346 5857 2627
347 5812 2642
348 5827 2642
349 5842 2642
350 5857 2642
351 5812 2657
352 5827 2657
353 5842 2657
354 5857 2657
355 5812 2672
356 5827 2672
357 5842 2672
358 5857 2672
359 5812 2687
360 5827 2687
361 5842 2687
362 5857 2687
363 5812 2702
364 5827 2702
365 5842 2702
366 5857 2702
367 5812 2717
368 5827 2717
369 5842 2717
370 5857 2717
371 5812 2732
372 5827 2732
373 5842 2732
374 5857 2732
375 5812 2747
376 5827 2747
377 5842 2747
378 5857 2747
379 5812 2762
380 5827 2762
381 5842 2762
382 5857 2762
383 5812 2777
384 5827 2777
385 5842 2777
386 5857 2777
387 5812 2792
388 5827 2792
389 5842 2792
390 5857 2792
391 5812 2807
392 5827 2807
393 5842 2807
394 5857 2807
395 5812 4952
396 5827 4952
397 5842 4952
398 5857 4952
399 5812 4967
400 5827 4967
401 5842 4967
402 5857 4967
403 5812 4982
404 5827 4982
405 5842 4982
406 5857 4982
407 5812 4997
408 5827 4997
409 5842 4997
410 5857 4997
411 5812 5012
412 5827 5012
413 5842 5012
414 5857 5012
415 5812 5027
416 5827 5027
417 5842 5027
418 5857 5027
419 5812 5042
420 5827 5042
421 5842 5042
422 5857 5042
423 5812 5057
424 5827 5057
425 5842 5057
426 5857 5057
427 5812 5072
428 5827 5072
429 5842 5072
430 5857 5072
431 5812 5087
432 5827 5087
433 5842 5087
434 5857 5087
435 5812 5102
436 5827 5102
437 5842 5102
438 5857 5102
439 5812 5117
440 5827 5117
441 5842 5117
442 5857 5117
443 5812 5132
444 5827 5132
445 5842 5132
446 5857 5132
447 5812 5147
448 5827 5147
449 5842 5147
450 5857 5147
451 5812 5162
452 5827 5162
453 5842 5162
454 5857 5162
455 5812 5177
456 5827 5177
457 5842 5177
458 5857 5177
459 5812 5192
460 5827 5192
461 5842 5192
462 5857 5192
463 5812 5207
464 5827 5207
465 5842 5207
466 5857 5207
467 5812 5222
468 5827 5222
469 5842 5222
470 5857 5222
471 5812 5237
472 5827 5237
473 5842 5237
474 5857 5237
475 5812 5252
476 5827 5252
477 5842 5252
478 5857 5252
479 5812 5267
480 5827 5267
481 5842 5267
482 5857 5267
483 5812 5282
484 5827 5282
485 5842 5282
486 5857 5282
487 5812 5297
488 5827 5297
489 5842 5297
490 5857 5297
491 1042 1802
492 1042 1817
493 1042 1832
494 1042 1877
495 1042 1892
496 1042 1922
497 1042 1952
498 1042 1997
499 1042 2072
500 1042 2117
501 1042 2162
502 1042 2222
503 1042 2252
504 1042 2357
505 1042 2402
506 1042 4292
507 1042 4307
508 1042 4322
509 1042 4367
510 1042 4382
511 1042 4412
512 1042 4442
513 1042 4487
514 1042 4562
515 1042 4607
516 1042 4652
517 1042 4712
518 1042 4742
519 1042 4847
520 1042 4892
521 1057 1847
522 1057 1952
523 1057 2027
524 1057 2087
525 1057 2147
526 1057 2282
527 1057 4337
528 1057 4442
529 1057 4517
530 1057 4577
531 1057 4637
532 1057 4772
533 1072 1817
534 1072 1832
535 1072 1892
536 1072 1967
537 1072 2162
538 1072 2222
539 1072 2282
540 1072 2357
541 1072 4307
542 1072 4322
543 1072 4382
544 1072 4457
545 1072 4652
546 1072 4712
547 1072 4772
548 1072 4847
549 1087 1787
550 1087 1847
551 1087 1877
552 1087 1967
553 1087 1997
554 1087 2027
555 1087 2087
556 1087 2117
557 1087 2147
558 1087 2192
559 1087 2252
560 1087 2402
561 1087 4277
562 1087 4337
563 1087 4367
564 1087 4457
565 1087 4487
566 1087 4517
567 1087 4577
568 1087 4607
569 1087 4637
570 1087 4682
571 1087 4742
572 1087 4892
573 5812 1802
574 5812 1817
575 5812 1832
576 5812 1877
577 5812 1892
578 5812 1922
579 5812 1952
580 5812 1997
581 5812 2072
582 5812 2117
583 5812 2162
584 5812 2222
585 5812 2252
586 5812 2357
587 5812 2402
588 5812 4292
589 5812 4307
590 5812 4322
591 5812 4367
592 5812 4382
593 5812 4412
594 5812 4442
595 5812 4487
596 5812 4562
597 5812 4607
598 5812 4652
599 5812 4712
600 5812 4742
601 5812 4847
602 5812 4892
603 5827 1847
604 5827 1952
605 5827 2027
606 5827 2087
607 5827 2147
608 5827 2282
609 5827 4337
610 5827 4442
611 5827 4517
612 5827 4577
613 5827 4637
614 5827 4772
615 5842 1817
616 5842 1832
617 5842 1892
618 5842 1967
619 5842 2162
620 5842 2222
621 5842 2282
622 5842 2357
623 5842 4307
624 5842 4322
625 5842 4382
626 5842 4457
627 5842 4652
628 5842 4712
629 5842 4772
630 5842 4847
631 5857 1787
632 5857 1847
633 5857 1877
634 5857 1967
635 5857 1997
636 5857 2027
637 5857 2087
638 5857 2117
639 5857 2147
640 5857 2192
641 5857 2252
642 5857 2402
643 5857 4277
644 5857 4337
645 5857 4367
646 5857 4457
647 5857 4487
648 5857 4517
649 5857 4577
650 5857 4607
651 5857 4637
652 5857 4682
653 5857 4742
654 5857 4892
