100
1 143 862
2 881 1
3 545 735
4 502 876
5 204 345
6 701 576
7 147 164
8 135 807
9 628 976
10 674 731
11 313 299
12 445 981
13 354 765
14 398 976
15 273 853
16 666 312
17 876 925
18 134 949
19 966 726
20 659 889
21 400 874
22 118 312
23 809 50
24 16 114
25 12 48
26 650 940
27 791 758
28 907 612
29 510 25
30 31 431
31 776 253
32 531 906
33 654 767
34 186 206
35 564 2
36 410 437
37 930 639
38 941 889
39 341 39
40 162 95
41 107 262
42 82 131
43 43 77
44 554 99
45 608 227
46 889 760
47 559 508
48 13 508
49 402 839
50 886 764
51 84 629
52 486 259
53 647 553
54 967 824
55 236 1
56 879 737
57 509 420
58 936 303
59 872 499
60 142 840
61 233 303
62 199 937
63 302 847
64 365 566
65 107 549
66 802 344
67 319 813
68 3 701
69 180 766
70 977 968
71 14 842
72 922 954
73 896 789
74 667 906
75 425 869
76 865 369
77 898 539
78 621 878
79 673 613
80 89 491
81 147 459
82 428 905
83 51 636
84 826 231
85 426 946
86 316 853
87 275 973
88 835 247
89 970 63
90 123 644
91 226 562
92 808 791
93 942 531
94 705 455
95 856 509
96 352 1
97 308 842
98 750 394
99 610 584
100 483 116
