400
1 435 587
2 602 801
3 861 954
4 444 553
5 796 796
6 88 838
7 233 850
8 476 203
9 406 601
10 954 785
11 593 968
12 946 432
13 83 601
14 861 754
15 247 698
16 963 965
17 125 536
18 563 20
19 55 619
20 691 576
21 237 707
22 583 609
23 404 942
24 15 614
25 20 62
26 196 613
27 913 428
28 828 584
29 49 40
30 271 736
31 979 716
32 489 957
33 817 281
34 332 466
35 278 945
36 168 974
37 806 537
38 445 306
39 306 552
40 555 359
41 156 178
42 140 704
43 963 442
44 460 255
45 385 487
46 931 198
47 279 896
48 331 923
49 33 889
50 511 60
51 232 327
52 870 747
53 126 27
54 25 384
55 550 317
56 421 669
57 699 641
58 30 881
59 486 987
60 547 870
61 764 227
62 489 885
63 908 483
64 195 821
65 171 111
66 599 587
67 132 507
68 327 868
69 267 788
70 792 136
71 156 187
72 186 903
73 745 818
74 672 141
75 795 496
76 298 796
77 91 378
78 917 105
79 370 274
80 789 738
81 800 158
82 748 537
83 486 88
84 148 95
85 231 10
86 972 220
87 40 259
88 192 292
89 24 509
90 316 311
91 494 163
92 525 681
93 835 882
94 775 181
95 109 27
96 653 671
97 628 197
98 1 712
99 730 446
100 580 933
101 377 863
102 258 251
103 659 693
104 700 439
105 801 327
106 755 581
107 168 774
108 607 673
109 569 359
110 505 795
111 692 475
112 615 416
113 433 854
114 226 149
115 326 615
116 756 997
117 175 551
118 207 753
119 127 986
120 245 595
121 368 322
122 618 808
123 284 905
124 347 932
125 942 733
126 923 410
127 153 230
128 476 253
129 232 588
130 439 819
131 959 382
132 659 989
133 475 422
134 734 76
135 844 856
136 10 829
137 359 688
138 901 207
139 607 778
140 682 84
141 840 757
142 449 883
143 725 402
144 882 149
145 429 229
146 980 821
147 578 545
148 541 818
149 509 164
150 875 251
151 101 820
152 485 5
153 134 228
154 167 943
155 156 445
156 267 69
157 476 711
158 456 809
159 217 20
160 165 811
161 381 457
162 310 220
163 2 25
164 135 579
165 257 332
166 678 546
167 176 611
168 560 331
169 416 521
170 852 420
171 850 321
172 745 57
173 104 588
174 64 87
175 417 194
176 884 559
177 868 180
178 262 425
179 669 662
180 420 34
181 424 239
182 615 4
183 967 235
184 180 963
185 153 253
186 138 544
187 23 240
188 701 43
189 951 792
190 190 9
191 347 997
192 331 8
193 547 204
194 776 291
195 756 917
196 172 772
197 85 33
198 904 126
199 87 389
200 21 102
201 417 581
202 205 477
203 486 625
204 372 77
205 117 480
206 295 923
207 879 967
208 889 107
209 636 852
210 382 96
211 134 416
212 759 814
213 44 940
214 244 473
215 642 589
216 228 537
217 645 36
218 881 436
219 680 156
220 811 466
221 963 584
222 312 611
223 853 621
224 518 989
225 272 202
226 762 751
227 648 603
228 783 742
229 399 192
230 32 938
231 814 436
232 291 292
233 607 13
234 92 433
235 769 182
236 175 408
237 344 388
238 227 343
239 491 328
240 25 669
241 789 180
242 980 735
243 58 207
244 195 304
245 543 996
246 557 378
247 256 606
248 805 372
249 462 417
250 818 629
251 415 823
252 203 280
253 325 907
254 512 906
255 826 802
256 374 494
257 599 619
258 327 384
259 360 175
260 809 758
261 260 213
262 934 685
263 176 365
264 606 355
265 667 810
266 852 824
267 746 56
268 93 531
269 818 606
270 746 491
271 231 960
272 683 930
273 431 685
274 709 561
275 452 663
276 384 812
277 886 4
278 52 271
279 152 951
280 808 763
281 775 780
282 178 519
283 988 256
284 114 377
285 236 494
286 314 438
287 273 173
288 49 742
289 6 353
290 540 528
291 786 432
292 995 77
293 509 834
294 890 307
295 304 535
296 473 22
297 868 484
298 91 661
299 616 748
300 414 748
301 236 683
302 974 171
303 732 320
304 334 594
305 561 14
306 33 545
307 451 797
308 197 1
309 236 400
310 747 360
311 430 816
312 21 256
313 344 230
314 754 929
315 257 178
316 233 789
317 109 555
318 818 388
319 438 136
320 344 837
321 920 460
322 950 33
323 123 911
324 826 234
325 967 166
326 763 558
327 477 834
328 189 621
329 500 885
330 807 879
331 6 122
332 680 979
333 752 173
334 740 359
335 494 199
336 225 556
337 782 687
338 559 171
339 463 711
340 99 192
341 257 814
342 42 926
343 172 173
344 483 814
345 537 893
346 2 973
347 286 436
348 34 282
349 382 228
350 407 857
351 957 25
352 534 449
353 891 771
354 609 714
355 800 368
356 6 196
357 122 436
358 517 649
359 235 41
360 603 723
361 910 948
362 498 926
363 548 952
364 779 99
365 582 75
366 214 82
367 560 622
368 693 555
369 90 16
370 760 411
371 626 526
372 995 234
373 918 876
374 989 47
375 377 314
376 961 413
377 825 709
378 827 580
379 35 990
380 620 281
381 109 120
382 738 820
383 274 258
384 82 643
385 592 764
386 724 471
387 778 902
388 885 666
389 26 163
390 741 972
391 165 712
392 256 126
393 927 899
394 524 53
395 72 423
396 367 863
397 349 799
398 127 42
399 587 139
400 22 355
