225
1 155 150
2 375 164
3 183 150
4 205 150
5 205 171
6 226 171
7 226 186
8 226 207
9 226 235
10 226 264
11 226 292
12 226 314
13 226 335
14 205 335
15 190 335
16 190 328
17 176 328
18 176 299
19 155 299
20 155 328
21 155 356
22 183 356
23 219 356
24 240 356
25 269 356
26 290 356
27 387 136
28 318 356
29 318 335
30 318 328
31 318 299
32 297 299
33 290 328
34 290 335
35 297 328
36 254 335
37 254 314
38 254 292
39 254 271
40 254 243
41 254 221
42 254 193
43 254 171
44 276 171
45 296 150
46 276 150
47 375 150
48 308 150
49 354 164
50 338 174
51 354 174
52 338 200
53 338 221
54 354 221
55 354 200
56 361 200
57 361 186
58 383 186
59 383 179
60 404 179
61 404 186
62 418 186
63 418 200
64 432 200
65 432 221
66 418 221
67 418 235
68 397 235
69 397 243
70 375 243
71 375 257
72 368 257
73 368 264
74 347 264
75 347 278
76 336 278
77 336 328
78 347 328
79 347 342
80 368 342
81 368 353
82 418 353
83 418 342
84 432 342
85 432 356
86 447 356
87 447 321
88 447 292
89 432 292
90 432 314
91 418 314
92 418 321
93 397 321
94 397 333
95 375 333
96 375 321
97 361 321
98 361 299
99 375 299
100 375 285
101 397 285
102 397 271
103 418 271
104 418 264
105 439 264
106 439 250
107 454 250
108 454 243
109 461 243
110 461 214
111 461 193
112 447 193
113 447 179
114 439 179
115 439 167
116 419 167
117 419 150
118 439 150
119 454 150
120 475 150
121 475 171
122 496 171
123 496 193
124 496 214
125 496 243
126 496 271
127 496 292
128 496 317
129 496 335
130 470 335
131 470 356
132 496 356
133 347 150
134 539 356
135 560 356
136 589 356
137 589 342
138 603 342
139 610 342
140 610 335
141 610 321
142 624 321
143 624 278
144 610 278
145 610 257
146 589 257
147 589 250
148 575 250
149 560 250
150 542 250
151 542 264
152 560 264
153 575 264
154 575 271
155 582 271
156 582 285
157 596 285
158 560 335
159 596 314
160 582 314
161 582 321
162 575 321
163 575 335
164 525 335
165 525 314
166 525 299
167 525 281
168 525 233
169 525 214
170 525 193
171 525 171
172 546 171
173 546 150
174 568 150
175 475 160
176 603 150
177 624 150
178 624 136
179 596 136
180 575 136
181 553 136
182 532 136
183 575 356
184 489 136
185 468 136
186 447 136
187 425 136
188 404 136
189 370 136
190 361 150
191 340 136
192 326 136
193 301 136
194 276 136
195 254 136
196 315 136
197 212 136
198 190 136
199 338 150
200 155 136
201 624 299
202 318 321
203 155 314
204 311 356
205 355 136
206 318 314
207 362 164
208 254 356
209 383 333
210 447 335
211 470 345
212 525 250
213 546 335
214 525 261
215 525 356
216 336 298
217 336 313
218 293 136
219 336 306
220 425 264
221 391 353
222 482 335
223 429 167
224 330 150
225 368 150
