1060
1 4003 2997
2 3602 2498
3 3953 2848
4 4153 2947
5 4353 2748
6 4653 2448
7 4703 2598
8 5304 2698
9 5154 3047
10 4453 3547
11 4553 3747
12 4853 3947
13 5204 4097
14 5304 3997
15 5454 3647
16 5454 3847
17 5404 4097
18 5454 4047
19 5454 4147
20 5354 4147
21 5304 4496
22 5304 4596
23 5354 4746
24 5154 4946
25 5054 4846
26 5054 4646
27 4853 4446
28 4853 4346
29 4853 4247
30 4703 3997
31 4553 4047
32 4653 4346
33 4853 4846
34 4753 4946
35 4903 5096
36 4853 5046
37 4553 5446
38 4853 5646
39 4953 5845
40 5054 5546
41 5054 5346
42 5154 5546
43 5304 5795
44 5404 5696
45 5454 5646
46 5554 5546
47 5554 5146
48 5604 5296
49 5754 5646
50 5604 5795
51 5454 5945
52 5354 6045
53 5254 6145
54 4953 6145
55 4603 6295
56 4553 6045
57 4503 5895
58 4453 6145
59 4453 6245
60 4403 6695
61 4253 6545
62 4303 6795
63 4303 6895
64 4103 6995
65 4253 7144
66 4403 7194
67 5054 7144
68 5354 7045
69 5104 6895
70 5004 6795
71 5204 6495
72 5354 6645
73 5504 6395
74 5704 6595
75 5804 6395
76 5854 6345
77 6154 6045
78 6605 5696
79 6655 5646
80 6655 5745
81 6505 5995
82 6355 5646
83 5904 5296
84 5604 4796
85 5754 4946
86 5904 4896
87 5954 4846
88 6004 4996
89 6355 5146
90 6505 4996
91 6405 4896
92 6255 4946
93 6655 4546
94 6555 4546
95 6555 3947
96 6455 3947
97 6455 4047
98 6305 4296
99 6255 4546
100 5754 4646
101 5804 4296
102 6004 4296
103 5854 4047
104 5854 3947
105 5754 3647
106 5804 3697
107 5854 3747
108 6154 3947
109 6605 3497
110 6655 3547
111 6555 3547
112 6605 3297
113 6555 3347
114 6605 3097
115 6455 3347
116 6305 3297
117 6305 3497
118 6154 3347
119 6154 3447
120 6255 3147
121 6104 3197
122 5454 3247
123 5554 3347
124 5754 3047
125 5654 2848
126 5654 2748
127 5604 2598
128 5854 2947
129 5854 3047
130 5954 2848
131 6054 2848
132 6455 2748
133 6154 2448
134 6104 2598
135 6054 2548
136 6004 2398
137 5654 2348
138 6355 1648
139 6405 1598
140 6455 1648
141 6805 1598
142 6905 1498
143 6955 1548
144 6905 1598
145 7005 1698
146 7105 1698
147 7055 1548
148 7005 1498
149 7105 1399
150 7205 1399
151 7255 1448
152 7355 1448
153 7355 1648
154 7455 1648
155 7806 1598
156 7906 1598
157 7906 1498
158 7956 1548
159 8006 1498
160 8056 1548
161 8106 1399
162 8206 1399
163 8256 1448
164 8356 1448
165 8006 1698
166 8106 1698
167 8356 1648
168 8456 1648
169 8807 1598
170 8907 1498
171 8957 1548
172 8907 1598
173 9007 1698
174 9107 1698
175 9057 1548
176 9007 1498
177 9107 1399
178 9207 1399
179 9257 1448
180 9357 1448
181 9357 1648
182 9457 1648
183 9807 1598
184 9907 1598
185 9907 1498
186 9957 1548
187 10008 1498
188 10058 1548
189 10008 1698
190 10108 1698
191 10358 1648
192 10408 1598
193 10458 1648
194 10858 2348
195 10808 2598
196 11259 2848
197 11158 2848
198 10958 2848
199 10658 2748
200 10658 3047
201 10408 2997
202 10408 2897
203 10358 2848
204 10458 2748
205 10358 2448
206 9807 2598
207 10158 3047
208 9957 3047
209 9757 3147
210 9757 2748
211 9707 2798
212 9657 2848
213 9607 2798
214 9357 2848
215 9207 2798
216 9257 2947
217 9657 3147
218 9457 3447
219 9557 3747
220 9357 3947
221 9757 3847
222 9707 3997
223 9807 3997
224 10158 4047
225 9807 4396
226 9857 4346
227 9907 4396
228 10108 4396
229 10108 4496
230 10208 4396
231 10308 4496
232 10408 4197
233 10408 4097
234 10658 4047
235 10808 4296
236 10808 4396
237 10508 4496
238 10508 4596
239 10708 4596
240 10808 4696
241 10408 4996
242 10508 4996
243 10508 5196
244 10808 4996
245 10908 4996
246 10858 4946
247 11008 4696
248 11259 4546
249 11108 4396
250 11008 4296
251 11008 4396
252 11108 4296
253 11259 4147
254 11559 3847
255 11359 4047
256 11359 3747
257 11158 3747
258 10958 3847
259 10558 3347
260 10358 3547
261 10558 3647
262 10808 3497
263 10858 3647
264 11259 3347
265 11359 3547
266 11559 3447
267 11509 3097
268 12009 2997
269 12259 2848
270 11959 2448
271 11859 2548
272 12009 2698
273 12259 2548
274 12810 2398
275 12560 2748
276 12660 2947
277 12460 2947
278 12359 3147
279 12359 3347
280 12259 3447
281 12710 3797
282 12460 3847
283 12159 3847
284 12159 3947
285 12009 4097
286 11859 4047
287 11959 4446
288 12009 4396
289 12159 4346
290 12560 4446
291 12409 4496
292 12309 4596
293 12460 4746
294 12460 4846
295 12460 4946
296 12760 4946
297 12760 5146
298 12460 5146
299 12510 5196
300 12460 5246
301 12259 5046
302 12159 5246
303 12059 4946
304 11809 4996
305 11859 5346
306 11659 5646
307 11509 5296
308 11509 5096
309 11609 4896
310 11559 4446
311 11609 4396
312 11659 4546
313 11409 4896
314 11309 4896
315 11459 5046
316 11359 5246
317 11359 5446
318 11659 5745
319 11859 5646
320 12159 5546
321 12259 5845
322 12059 6045
323 12159 6145
324 12009 6295
325 12159 6545
326 12359 5945
327 12460 6045
328 12710 6495
329 12560 6545
330 12510 6595
331 12259 6845
332 12109 6795
333 12109 6895
334 11909 6795
335 12109 6995
336 12309 7194
337 12309 7294
338 12460 7144
339 12710 6795
340 12710 6995
341 12710 7095
342 13010 6995
343 13260 7344
344 13160 6745
345 13060 6445
346 13310 6595
347 13310 6695
348 13460 6545
349 13160 6145
350 12560 5646
351 12510 5696
352 12710 5795
353 12960 5646
354 12960 5845
355 13260 6045
356 13360 6045
357 13460 6145
358 13460 5845
359 13711 5496
360 13861 5646
361 13660 5745
362 13560 5745
363 13360 5646
364 13360 5446
365 13260 5246
366 13560 5346
367 13560 5246
368 13711 5196
369 13660 5146
370 13360 4946
371 13160 4746
372 13460 4646
373 13310 4496
374 12960 4047
375 13260 4247
376 13610 4197
377 13961 4346
378 14011 4396
379 14061 4147
380 13961 4147
381 13961 3947
382 13961 3847
383 13761 3747
384 13610 3797
385 13360 3747
386 13460 3647
387 13560 3547
388 13861 3347
389 12860 3047
390 12960 3147
391 13460 2448
392 13811 2498
393 13811 2897
394 14061 2848
395 14111 2798
396 14261 2947
397 14461 2947
398 14661 2848
399 14661 3047
400 14761 3147
401 14861 3147
402 15012 3197
403 14811 3197
404 14411 3297
405 14361 3247
406 14161 3547
407 14461 3847
408 14561 3847
409 14761 3847
410 14761 4047
411 14861 4147
412 14861 4346
413 14962 4047
414 15162 3747
415 15162 3847
416 15362 3547
417 15412 3497
418 15462 3547
419 15362 3747
420 15062 4147
421 15062 4247
422 15162 4247
423 15412 4197
424 15562 3947
425 15562 3847
426 15662 3847
427 15862 3647
428 15162 2848
429 15262 2548
430 15362 2947
431 15412 2897
432 15562 2947
433 15862 2947
434 16012 2798
435 16062 2947
436 16112 2798
437 16263 2548
438 16263 2848
439 16263 3047
440 16263 3147
441 16213 3497
442 16363 3547
443 16513 3297
444 16563 3347
445 16763 3447
446 16963 3547
447 16563 3847
448 16513 3797
449 16613 3997
450 16763 4047
451 16963 3747
452 17013 3897
453 17363 4147
454 17363 4346
455 17213 4396
456 16813 4396
457 16763 4346
458 16663 4247
459 16613 4396
460 16463 4946
461 16263 4946
462 16213 4596
463 16112 4696
464 15762 4646
465 15862 5246
466 15462 5446
467 15762 5446
468 15862 5546
469 15912 5596
470 15662 5546
471 15662 5646
472 15662 5745
473 15562 5646
474 15562 5745
475 15762 5945
476 15812 5895
477 16062 5945
478 15962 6045
479 15912 6295
480 15762 6145
481 15762 6245
482 15462 6145
483 15412 6095
484 14661 4946
485 14461 4946
486 14411 4696
487 14261 4846
488 14161 4846
489 14161 5046
490 13961 5046
491 14361 5446
492 14461 5446
493 14361 5546
494 14161 5646
495 14561 5845
496 14962 6045
497 15012 6295
498 14611 6295
499 14411 6295
500 14461 6445
501 14461 6545
502 14611 6495
503 14911 6595
504 14962 6745
505 14461 6945
506 14061 6745
507 14211 6395
508 14011 6295
509 14011 6395
510 14011 6595
511 13961 6645
512 14061 6845
513 14011 6795
514 14461 7344
515 15062 6945
516 15112 6895
517 15112 6995
518 15062 6645
519 15262 6545
520 15212 6695
521 15262 6945
522 15312 6995
523 15362 7045
524 15512 6995
525 15662 6745
526 15962 6445
527 16112 6395
528 16112 6295
529 16263 6245
530 16313 6295
531 16263 6445
532 15962 6645
533 16162 6845
534 16513 6895
535 16463 7144
536 16913 6995
537 16963 6945
538 17213 7095
539 16713 6695
540 16813 6395
541 16863 6445
542 17013 6595
543 17263 6645
544 17313 6495
545 17864 6245
546 17564 6245
547 17363 6245
548 17363 5945
549 17013 6195
550 16563 6145
551 16563 6045
552 16763 5845
553 16863 5646
554 16463 5346
555 16563 5146
556 16663 4946
557 16863 5046
558 16963 4846
559 17113 4696
560 17013 4896
561 17013 4996
562 16963 5146
563 17163 5146
564 17163 5246
565 17263 5346
566 17413 5096
567 17464 5046
568 17614 5096
569 17864 4746
570 17764 4846
571 17564 4646
572 17814 5196
573 17914 5396
574 17964 5546
575 18164 5745
576 18264 5745
577 18364 5646
578 18464 5646
579 18264 5546
580 18364 5346
581 18464 5246
582 18564 5046
583 18464 5046
584 18364 5046
585 18264 5146
586 18264 4946
587 18164 4846
588 18064 4946
589 18064 4746
590 18164 4646
591 18264 4646
592 17764 4147
593 17764 4047
594 17614 3997
595 17564 4047
596 17564 3847
597 17464 3647
598 17263 3647
599 17063 3347
600 16863 3247
601 16513 2798
602 16663 2848
603 16813 2798
604 17013 2997
605 16963 2947
606 17113 2798
607 17363 2947
608 17464 2748
609 17363 2848
610 16963 2448
611 16863 2448
612 16813 1698
613 16963 1648
614 16763 1448
615 16563 1349
616 16713 1299
617 16913 1399
618 17063 1349
619 17113 1598
620 17263 1548
621 17313 1698
622 17464 1648
623 17413 1498
624 17213 1299
625 17564 1448
626 17614 1598
627 17714 1399
628 17764 1548
629 17864 1349
630 18014 1299
631 18064 1448
632 17914 1498
633 18114 1698
634 18264 1648
635 18414 1598
636 18214 1399
637 18364 1349
638 18514 1299
639 18614 1299
640 18664 1349
641 18614 1399
642 18614 1498
643 18664 1548
644 18664 1448
645 18715 1399
646 18715 1299
647 18765 1349
648 18815 1299
649 18815 1399
650 18865 1349
651 18915 1299
652 18915 1399
653 18865 1448
654 18915 1498
655 18915 1598
656 18915 1698
657 18865 1648
658 18815 1598
659 18865 1548
660 18815 1498
661 18765 1448
662 18715 1498
663 18765 1548
664 18715 1598
665 18765 1648
666 18815 1698
667 18715 1698
668 18664 1648
669 18614 1598
670 18614 1698
671 17864 2548
672 18414 2598
673 18564 2448
674 18364 2848
675 18264 2947
676 18564 3047
677 18715 2897
678 18915 2698
679 18815 2897
680 18614 3297
681 18564 3347
682 18464 3447
683 17864 2848
684 17864 3147
685 17964 3547
686 18064 3847
687 18214 3997
688 18264 3947
689 18364 3847
690 18464 3747
691 18715 4197
692 18664 4247
693 18464 4247
694 18264 4247
695 18364 4346
696 18514 4596
697 18414 4696
698 18664 4846
699 18915 4696
700 18965 4646
701 18865 4546
702 18865 4047
703 18865 3947
704 18815 3797
705 18865 3847
706 19015 4097
707 19115 4197
708 19215 4197
709 19465 3947
710 19465 3847
711 19465 3747
712 19115 3297
713 19365 3247
714 19465 2947
715 19365 2848
716 19115 2698
717 19365 2548
718 19715 2498
719 21317 2098
720 19515 4097
721 19365 4147
722 19315 4197
723 19165 4646
724 19365 4746
725 19215 5096
726 19015 5196
727 19115 5296
728 19215 5296
729 19115 5496
730 18915 5995
731 18965 5945
732 19415 6295
733 19715 7194
734 18815 6195
735 18664 6145
736 18464 5845
737 18164 6045
738 18164 6145
739 18464 6545
740 18214 6595
741 18114 6895
742 18314 7194
743 18214 7194
744 18164 7144
745 18064 7144
746 18014 7194
747 17964 7144
748 17764 7144
749 17464 7344
750 16863 8344
751 16813 8394
752 16763 8344
753 16413 8394
754 16313 8494
755 16263 8444
756 16313 8394
757 16213 8294
758 16112 8294
759 16162 8444
760 16213 8494
761 16112 8593
762 16012 8593
763 15962 8544
764 15862 8544
765 15862 8344
766 15762 8344
767 15412 8394
768 15312 8394
769 15312 8494
770 15262 8444
771 15212 8494
772 15112 8593
773 15012 8593
774 14962 8544
775 14861 8544
776 15162 8444
777 15212 8294
778 15112 8294
779 14861 8344
780 14761 8344
781 14411 8394
782 14311 8494
783 14261 8444
784 14311 8394
785 14211 8294
786 14111 8294
787 14161 8444
788 14211 8494
789 14111 8593
790 14011 8593
791 13961 8544
792 13861 8544
793 13861 8344
794 13761 8344
795 13410 8394
796 13310 8394
797 13310 8494
798 13260 8444
799 13210 8494
800 13160 8444
801 13210 8294
802 13110 8294
803 12860 8344
804 12810 8394
805 12760 8344
806 11509 7194
807 11259 6845
808 11008 7095
809 10758 6945
810 11008 6795
811 11008 6695
812 11108 6495
813 11509 6495
814 11108 6095
815 11158 5945
816 11259 5546
817 11008 5795
818 10708 6095
819 10358 5646
820 10408 5795
821 10458 6045
822 10308 6295
823 10208 6395
824 10208 6495
825 10358 6845
826 10208 6795
827 9757 6745
828 9407 6795
829 9457 6945
830 9757 7045
831 10058 7144
832 9807 6895
833 9757 6445
834 9907 6295
835 10158 6145
836 9957 5945
837 10158 5845
838 9757 5845
839 10158 5346
840 10358 5146
841 10158 5146
842 10158 4946
843 10058 4846
844 10058 4946
845 10008 5096
846 9957 5046
847 9657 5046
848 9607 5096
849 9557 5146
850 9557 5046
851 9457 4946
852 9657 4946
853 10058 4546
854 9907 4596
855 9607 4596
856 9707 4396
857 9557 4346
858 9457 4247
859 9557 4147
860 9557 4247
861 9057 4147
862 8957 4047
863 8957 3847
864 9057 3847
865 9057 3747
866 8957 3447
867 9007 2798
868 8757 2848
869 8356 3047
870 8156 2748
871 8156 3047
872 8056 3047
873 7956 2947
874 7856 2848
875 7756 2548
876 7756 2448
877 7656 2548
878 7706 2798
879 7606 2798
880 7856 3147
881 7756 3347
882 7556 3447
883 6955 3247
884 6955 2848
885 7105 2598
886 7055 2848
887 7105 2798
888 6755 3247
889 7005 3497
890 6955 3847
891 7005 3897
892 6755 4147
893 7155 3847
894 7255 4147
895 7556 4247
896 7305 4496
897 7506 4596
898 7455 4846
899 7656 4846
900 7856 4346
901 7756 4147
902 8056 4247
903 8056 4047
904 8106 3997
905 8156 3947
906 8156 4047
907 8356 3947
908 8556 3847
909 8356 3547
910 8556 3547
911 8606 3597
912 8656 3947
913 8606 3997
914 8656 4147
915 8757 4247
916 8606 4296
917 8506 4496
918 8757 4646
919 8907 4396
920 9007 4596
921 9107 4396
922 9207 4596
923 9057 4846
924 8757 4846
925 8606 4996
926 8556 4846
927 8356 4946
928 8356 5646
929 8456 5945
930 8356 5845
931 8356 5945
932 8356 6145
933 8356 6245
934 8306 6395
935 8957 6045
936 9057 6045
937 9157 5945
938 9057 5745
939 9507 5895
940 9157 6245
941 9007 6495
942 8807 6995
943 8256 7144
944 8406 7294
945 8106 6995
946 8106 6895
947 8056 6845
948 7906 6895
949 7656 6445
950 7355 6145
951 7656 5945
952 7856 5745
953 8106 5696
954 7956 5945
955 7455 5945
956 7355 5845
957 7055 6145
958 6905 5895
959 6955 6045
960 6955 6145
961 6855 6145
962 6855 6245
963 7005 6295
964 7255 6345
965 6905 6895
966 7806 6995
967 8006 7294
968 7906 7294
969 7756 7344
970 6655 8643
971 6455 8544
972 6505 8693
973 6305 8593
974 6154 8643
975 6405 8294
976 6255 8344
977 6104 8394
978 5954 8444
979 5904 8294
980 5754 8344
981 5804 8494
982 6004 8693
983 5654 8544
984 5604 8394
985 5504 8593
986 5454 8444
987 5354 8643
988 5204 8693
989 5154 8544
990 5304 8494
991 5104 8294
992 4953 8344
993 4803 8394
994 5004 8593
995 4853 8643
996 4703 8693
997 4603 8693
998 4553 8643
999 4603 8593
1000 4603 8494
1001 4553 8444
1002 4553 8544
1003 4503 8593
1004 4503 8693
1005 4453 8643
1006 4403 8693
1007 4403 8593
1008 4453 8544
1009 4503 8494
1010 4403 8494
1011 4453 8444
1012 4503 8394
1013 4553 8344
1014 4603 8394
1015 4603 8294
1016 4503 8294
1017 4453 8344
1018 4403 8294
1019 4353 8344
1020 4403 8394
1021 4353 8444
1022 4353 8544
1023 4353 8643
1024 4303 8693
1025 4303 8593
1026 4303 8494
1027 4303 8394
1028 4303 8294
1029 3602 7194
1030 1901 7894
1031 4053 6045
1032 4253 5945
1033 4303 5895
1034 4353 5745
1035 4253 5745
1036 4153 5745
1037 4053 5745
1038 4053 5546
1039 4353 5446
1040 4353 5346
1041 4353 5246
1042 4453 5046
1043 4403 4796
1044 4453 4846
1045 4153 5246
1046 4003 5096
1047 4153 5046
1048 4053 4946
1049 4053 4746
1050 4403 4596
1051 4353 4247
1052 4053 4147
1053 4403 3897
1054 4303 3997
1055 4003 3797
1056 4053 3647
1057 4003 3597
1058 4053 3447
1059 4253 3347
1060 4153 3147
