1817
1 651 2244
2 676 2168
3 701 2168
4 727 2168
5 752 2168
6 727 2142
7 701 2142
8 676 2142
9 651 2142
10 625 2142
11 600 2142
12 575 2142
13 600 2066
14 625 2066
15 651 2066
16 676 2066
17 701 2066
18 727 2066
19 727 2015
20 701 2015
21 676 2015
22 651 2015
23 625 2015
24 600 2015
25 575 2015
26 600 1939
27 625 1939
28 651 1939
29 676 1939
30 701 1939
31 727 1939
32 727 1888
33 701 1888
34 676 1888
35 651 1888
36 625 1888
37 600 1888
38 575 1888
39 651 1812
40 625 1812
41 600 1812
42 600 1761
43 575 1761
44 625 1761
45 651 1761
46 676 1761
47 676 1812
48 701 1812
49 727 1812
50 727 1761
51 701 1761
52 651 1685
53 625 1685
54 600 1685
55 575 1634
56 600 1634
57 625 1634
58 651 1634
59 676 1634
60 701 1634
61 676 1685
62 701 1685
63 727 1685
64 727 1634
65 727 1558
66 701 1558
67 676 1558
68 651 1558
69 600 1558
70 625 1558
71 727 1507
72 701 1507
73 676 1507
74 651 1507
75 625 1507
76 600 1507
77 575 1507
78 600 1431
79 625 1431
80 651 1431
81 600 1380
82 575 1380
83 625 1380
84 651 1380
85 676 1380
86 676 1431
87 701 1431
88 727 1431
89 727 1380
90 701 1380
91 600 1304
92 600 1253
93 575 1253
94 625 1304
95 651 1304
96 676 1304
97 701 1304
98 727 1304
99 752 1253
100 727 1253
101 701 1253
102 676 1253
103 651 1253
104 625 1253
105 600 1177
106 625 1177
107 651 1177
108 676 1177
109 701 1177
110 727 1177
111 752 1177
112 727 1101
113 727 1050
114 625 898
115 651 872
116 625 872
117 575 872
118 549 898
119 549 872
120 651 733
121 651 707
122 676 733
123 676 707
124 778 796
125 803 796
126 803 821
127 879 796
128 778 898
129 854 872
130 879 872
131 905 872
132 930 872
133 879 1050
134 905 1050
135 930 1126
136 905 1126
137 879 1126
138 854 1126
139 879 1177
140 905 1177
141 930 1253
142 905 1253
143 879 1253
144 854 1253
145 879 1304
146 905 1304
147 905 1380
148 879 1380
149 854 1380
150 879 1431
151 905 1431
152 854 1507
153 879 1507
154 905 1507
155 879 1558
156 905 1558
157 930 1558
158 854 1634
159 879 1634
160 905 1634
161 930 1634
162 930 1685
163 905 1685
164 879 1685
165 905 1761
166 879 1761
167 854 1761
168 905 1812
169 879 1812
170 854 1888
171 879 1888
172 905 1888
173 879 1939
174 905 1939
175 930 1939
176 956 1939
177 981 1939
178 1006 1939
179 1006 1888
180 981 1888
181 956 1888
182 930 1888
183 1006 1812
184 981 1812
185 956 1812
186 930 1812
187 1006 1761
188 981 1761
189 956 1761
190 930 1761
191 956 1685
192 981 1685
193 1006 1685
194 956 1634
195 981 1634
196 1006 1634
197 1006 1558
198 981 1558
199 956 1558
200 1032 1507
201 1006 1507
202 981 1507
203 956 1507
204 930 1507
205 930 1431
206 956 1431
207 981 1431
208 1006 1431
209 1032 1431
210 1006 1380
211 981 1380
212 956 1380
213 930 1380
214 930 1304
215 956 1304
216 981 1304
217 1006 1304
218 956 1253
219 981 1253
220 1006 1253
221 1006 1177
222 981 1177
223 956 1177
224 930 1177
225 956 1126
226 981 1126
227 1032 1126
228 1006 1126
229 930 1050
230 956 1050
231 981 1050
232 1006 1050
233 1032 1050
234 1108 1050
235 1133 1050
236 1159 1050
237 1184 1050
238 1210 1050
239 1235 1050
240 1235 999
241 1083 999
242 956 872
243 1006 872
244 981 872
245 905 796
246 930 796
247 956 796
248 981 796
249 1006 796
250 1083 872
251 1108 872
252 1133 872
253 1159 872
254 1184 872
255 1210 872
256 1235 872
257 1235 923
258 1108 796
259 1133 796
260 1159 796
261 1184 796
262 1210 796
263 1235 796
264 1260 872
265 1286 872
266 1311 872
267 1362 872
268 1387 872
269 1260 796
270 1286 796
271 1311 796
272 1387 796
273 1413 796
274 1413 872
275 1438 872
276 1464 872
277 1489 872
278 1514 872
279 1540 872
280 1591 872
281 1565 872
282 1438 796
283 1464 796
284 1489 796
285 1514 796
286 1540 796
287 1565 796
288 1591 796
289 1743 707
290 1768 707
291 1743 733
292 1768 733
293 1819 707
294 1819 733
295 1857 707
296 1857 733
297 1933 733
298 1933 707
299 1971 707
300 1971 733
301 2010 707
302 2010 733
303 2048 707
304 2048 733
305 1895 796
306 1921 796
307 1946 796
308 1971 796
309 1997 796
310 2022 796
311 2048 796
312 2073 796
313 2099 796
314 2086 733
315 2086 707
316 2137 707
317 2137 733
318 2175 707
319 2175 733
320 2200 796
321 2213 707
322 2213 733
323 2251 707
324 2251 733
325 2289 707
326 2289 733
327 2327 707
328 2327 733
329 2327 821
330 2327 847
331 2327 872
332 2327 898
333 2327 974
334 2327 949
335 2327 923
336 2403 847
337 2403 821
338 2429 821
339 2429 847
340 2403 872
341 2429 872
342 2403 898
343 2429 898
344 2505 821
345 2505 847
346 2505 872
347 2505 898
348 2505 923
349 2505 949
350 2505 974
351 2429 923
352 2403 923
353 2403 949
354 2429 949
355 2429 974
356 2403 974
357 2327 1050
358 2327 1076
359 2327 1101
360 2327 1126
361 2327 1228
362 2327 1203
363 2327 1177
364 2327 1152
365 2403 1076
366 2429 1050
367 2429 1076
368 2429 1101
369 2429 1126
370 2403 1101
371 2403 1126
372 2429 1152
373 2505 1076
374 2505 1101
375 2505 1126
376 2505 1152
377 2505 1177
378 2505 1203
379 2505 1228
380 2429 1177
381 2403 1152
382 2403 1177
383 2429 1203
384 2429 1228
385 2403 1203
386 2403 1228
387 2327 1304
388 2327 1330
389 2327 1355
390 2327 1380
391 2327 1406
392 2327 1482
393 2327 1456
394 2327 1431
395 2403 1355
396 2403 1330
397 2429 1304
398 2429 1330
399 2429 1355
400 2403 1380
401 2429 1380
402 2403 1406
403 2429 1406
404 2403 1431
405 2429 1431
406 2403 1456
407 2403 1482
408 2429 1482
409 2429 1456
410 2505 1380
411 2505 1355
412 2505 1330
413 2556 1304
414 2556 1330
415 2556 1355
416 2556 1380
417 2556 1406
418 2556 1431
419 2556 1456
420 2505 1406
421 2505 1431
422 2505 1456
423 2505 1482
424 2556 1482
425 2632 1330
426 2632 1355
427 2632 1380
428 2632 1406
429 2632 1431
430 2632 1456
431 2632 1482
432 2556 1558
433 2530 1558
434 2505 1558
435 2480 1558
436 2454 1558
437 2429 1558
438 2556 1634
439 2530 1634
440 2505 1634
441 2480 1634
442 2454 1634
443 2429 1634
444 2403 1634
445 2480 1685
446 2454 1685
447 2429 1685
448 2403 1761
449 2429 1761
450 2454 1761
451 2480 1761
452 2505 1761
453 2505 1685
454 2530 1685
455 2556 1685
456 2530 1761
457 2556 1761
458 2683 1812
459 2708 1812
460 2708 1863
461 2683 1863
462 2657 1863
463 2632 1863
464 2708 1939
465 2683 1939
466 2657 1939
467 2632 1939
468 2606 1939
469 2327 1939
470 2327 2015
471 2454 2142
472 2480 2142
473 2505 2142
474 2480 2168
475 2454 2168
476 2429 2142
477 2403 2142
478 2429 2168
479 2403 2168
480 2378 2168
481 2353 2168
482 2378 2142
483 2353 2142
484 2327 2142
485 2327 2168
486 2327 2219
487 2327 2244
488 2353 2244
489 2378 2244
490 2353 2219
491 2378 2219
492 2403 2244
493 2429 2244
494 2403 2219
495 2429 2219
496 2454 2244
497 2480 2244
498 2454 2219
499 2480 2219
500 2505 2244
501 2505 2219
502 2505 2168
503 2530 2168
504 2530 2219
505 2556 2244
506 2530 2244
507 2556 2219
508 2581 2244
509 2606 2244
510 2581 2219
511 2606 2219
512 2632 2244
513 2657 2244
514 2632 2219
515 2657 2219
516 2683 2244
517 2683 2219
518 2683 2168
519 2708 2168
520 2734 2168
521 2759 2193
522 2734 2193
523 2734 2219
524 2759 2244
525 2734 2244
526 2708 2244
527 2708 2219
528 2759 2219
529 2784 2244
530 2784 2219
531 2810 2219
532 2810 2244
533 2835 2244
534 2861 2244
535 2835 2219
536 2861 2219
537 2886 2244
538 2937 2193
539 2996 2234
540 2937 2244
541 2911 2244
542 2886 2219
543 2911 2219
544 2911 2193
545 2886 2193
546 2861 2193
547 2835 2193
548 2835 2168
549 2810 2193
550 2784 2193
551 2810 2168
552 2784 2168
553 2759 2168
554 2708 2091
555 2708 2066
556 2734 2066
557 2734 2091
558 2759 2091
559 2784 2091
560 2759 2066
561 2784 2066
562 2810 2091
563 2835 2066
564 2835 2091
565 2810 2066
566 2835 2041
567 2810 2041
568 2784 2041
569 2759 2041
570 2734 2041
571 2708 2041
572 2683 2066
573 2657 2066
574 2683 2041
575 2708 1965
576 2734 1939
577 2734 1965
578 2759 1965
579 2759 1939
580 2784 1939
581 2784 1965
582 2810 1965
583 2835 1939
584 2835 1965
585 2810 1939
586 2810 1863
587 2784 1863
588 2759 1863
589 2734 1863
590 2734 1812
591 2759 1812
592 2784 1812
593 2810 1812
594 2835 1812
595 2835 1863
596 2911 1939
597 2937 1939
598 2962 1939
599 2988 1939
600 3013 1939
601 3038 1939
602 3064 1939
603 3013 1863
604 2988 1863
605 2962 1863
606 2937 1863
607 3013 1812
608 2988 1812
609 2962 1812
610 2937 1812
611 2911 1812
612 2835 1736
613 2810 1736
614 2708 1736
615 2734 1736
616 2759 1736
617 2784 1736
618 2835 1685
619 2810 1685
620 2784 1685
621 2759 1685
622 2734 1685
623 2708 1685
624 2683 1685
625 2708 1609
626 2734 1609
627 2759 1609
628 2784 1609
629 2810 1609
630 2835 1609
631 2886 1533
632 2886 1507
633 2886 1482
634 2886 1456
635 2886 1380
636 2886 1406
637 2886 1431
638 2810 1533
639 2810 1507
640 2810 1482
641 2810 1456
642 2810 1431
643 2810 1406
644 2810 1380
645 2810 1355
646 2759 1355
647 2708 1355
648 2734 1355
649 2708 1304
650 2734 1304
651 2759 1304
652 2810 1279
653 2810 1253
654 2886 1228
655 2886 1203
656 2886 1177
657 2886 1152
658 2886 1126
659 2937 1101
660 2937 1126
661 2937 1152
662 2937 1177
663 2937 1203
664 3013 1126
665 3013 1152
666 3013 1177
667 3013 1203
668 3013 1228
669 3013 1253
670 3013 1279
671 2937 1228
672 2937 1253
673 2937 1279
674 2886 1253
675 2886 1279
676 2937 1355
677 2937 1380
678 2937 1406
679 2937 1431
680 2937 1456
681 2937 1482
682 2937 1507
683 2937 1533
684 2988 1584
685 2988 1609
686 2962 1609
687 2937 1584
688 2962 1584
689 2937 1609
690 2911 1685
691 2937 1685
692 2962 1685
693 2988 1685
694 3013 1609
695 3038 1584
696 3038 1609
697 3064 1584
698 3064 1609
699 3064 1685
700 3038 1685
701 3013 1685
702 2937 1736
703 2962 1736
704 2988 1736
705 3013 1736
706 3038 1736
707 3064 1736
708 3038 1812
709 3064 1812
710 3064 1863
711 3038 1863
712 3165 1939
713 3191 1939
714 3191 1965
715 3165 2041
716 3191 2041
717 3216 2041
718 3241 2041
719 3343 2269
720 3318 2041
721 3292 2041
722 3267 2041
723 3318 1965
724 3343 1939
725 3318 1939
726 3292 1939
727 3292 1965
728 3267 1965
729 3241 1939
730 3216 1939
731 3216 1965
732 3241 1965
733 3267 1939
734 3343 1863
735 3318 1838
736 3343 1838
737 3318 1863
738 3292 1863
739 3267 1863
740 3191 1863
741 3216 1863
742 3241 1863
743 3292 1838
744 3318 1812
745 3292 1812
746 3267 1812
747 3241 1812
748 3216 1812
749 3191 1812
750 3165 1812
751 3191 1736
752 3216 1685
753 3191 1685
754 3165 1685
755 3216 1736
756 3241 1736
757 3267 1736
758 3292 1736
759 3318 1736
760 3318 1685
761 3292 1685
762 3267 1685
763 3216 1609
764 3241 1609
765 3267 1609
766 3292 1609
767 3318 1609
768 3241 1685
769 3191 1609
770 3140 1533
771 3140 1507
772 3191 1456
773 3216 1456
774 3140 1482
775 3140 1456
776 3140 1431
777 3013 1380
778 3013 1406
779 3013 1431
780 3013 1456
781 3013 1482
782 3013 1507
783 3013 1533
784 3064 1533
785 3064 1507
786 3064 1482
787 3064 1456
788 3064 1431
789 3064 1406
790 3064 1380
791 3140 1406
792 3191 1380
793 3191 1355
794 3191 1330
795 3191 1304
796 3140 1279
797 3140 1253
798 3140 1228
799 3140 1203
800 3064 1279
801 3064 1253
802 3064 1228
803 3064 1203
804 3064 1177
805 3064 1152
806 3140 1126
807 3140 1152
808 3140 1177
809 3191 1152
810 3191 1177
811 3191 1203
812 3191 1228
813 3191 1253
814 3191 1279
815 3267 1177
816 3267 1203
817 3267 1228
818 3267 1253
819 3267 1279
820 3267 1304
821 3267 1330
822 3267 1355
823 3267 1380
824 3318 1330
825 3318 1304
826 3394 1177
827 3394 1203
828 3394 1228
829 3394 1253
830 3394 1279
831 3394 1304
832 3394 1330
833 3318 1279
834 3318 1253
835 3318 1228
836 3318 1203
837 3318 1177
838 3318 1152
839 3267 1101
840 3241 1101
841 3241 1076
842 3241 1050
843 3267 1025
844 3267 999
845 3241 974
846 3241 999
847 3241 1025
848 3267 1076
849 3267 1050
850 3318 1025
851 3318 999
852 3267 974
853 3241 949
854 3191 1025
855 3191 999
856 3191 974
857 3191 949
858 3191 923
859 3191 898
860 3267 872
861 3267 847
862 3267 821
863 3267 796
864 3241 796
865 3241 821
866 3191 872
867 3191 847
868 3191 821
869 3191 796
870 3241 847
871 3241 872
872 3241 898
873 3241 923
874 3267 949
875 3267 923
876 3267 898
877 3394 821
878 3394 847
879 3394 872
880 3394 898
881 3394 923
882 3394 949
883 3394 974
884 3394 999
885 3394 1025
886 3318 974
887 3318 949
888 3318 923
889 3318 898
890 3318 872
891 3318 847
892 3318 821
893 3318 796
894 3318 733
895 3318 707
896 3280 707
897 3280 733
898 3241 733
899 3241 707
900 3203 707
901 3203 733
902 3127 707
903 3127 733
904 3089 707
905 3089 733
906 3051 707
907 3051 733
908 3064 796
909 3064 821
910 3140 821
911 3140 847
912 3140 872
913 3140 898
914 3140 923
915 3140 949
916 3140 974
917 3140 999
918 3140 1025
919 3064 1126
920 3064 1101
921 3064 1025
922 3064 999
923 3013 974
924 3013 949
925 3013 923
926 3013 898
927 3064 974
928 3064 949
929 3064 923
930 3064 898
931 3064 872
932 3064 847
933 3013 821
934 3013 847
935 3013 872
936 2937 949
937 2886 821
938 2886 847
939 2886 872
940 2886 898
941 2886 923
942 2886 949
943 2886 974
944 2937 974
945 2937 923
946 2937 898
947 2937 872
948 2937 847
949 2937 821
950 2937 796
951 3000 733
952 3000 707
953 2962 707
954 2962 733
955 2924 733
956 2924 707
957 2886 707
958 2886 733
959 2848 707
960 2848 733
961 2810 707
962 2810 733
963 2772 707
964 2772 733
965 2734 707
966 2734 733
967 2683 707
968 2683 733
969 2645 707
970 2645 733
971 2683 796
972 2683 821
973 2759 821
974 2759 847
975 2810 796
976 2810 821
977 2810 847
978 2810 872
979 2810 898
980 2810 974
981 2810 949
982 2810 923
983 2759 872
984 2759 898
985 2759 923
986 2759 949
987 2683 999
988 2683 1025
989 2759 974
990 2759 999
991 2759 1025
992 2734 1076
993 2708 1076
994 2683 1076
995 2683 1101
996 2708 1101
997 2734 1101
998 2708 1126
999 2734 1152
1000 2734 1177
1001 2810 1228
1002 2810 1203
1003 2810 1177
1004 2810 1152
1005 2810 1126
1006 2810 1101
1007 2734 1126
1008 2708 1152
1009 2683 1177
1010 2683 1203
1011 2708 1228
1012 2734 1253
1013 2708 1253
1014 2683 1253
1015 2683 1228
1016 2708 1203
1017 2734 1228
1018 2734 1203
1019 2708 1177
1020 2683 1152
1021 2683 1126
1022 2632 1076
1023 2632 1101
1024 2632 1126
1025 2632 1152
1026 2632 1177
1027 2632 1203
1028 2632 1228
1029 2556 1228
1030 2556 1203
1031 2556 1177
1032 2556 1152
1033 2556 1126
1034 2556 1101
1035 2556 1076
1036 2556 1050
1037 2632 974
1038 2632 949
1039 2632 923
1040 2683 974
1041 2683 949
1042 2683 923
1043 2683 898
1044 2683 872
1045 2683 847
1046 2632 821
1047 2632 847
1048 2632 872
1049 2632 898
1050 2556 974
1051 2556 949
1052 2556 923
1053 2556 898
1054 2556 872
1055 2556 847
1056 2556 821
1057 2556 796
1058 2606 733
1059 2606 707
1060 2568 733
1061 2568 707
1062 2530 707
1063 2530 733
1064 2492 707
1065 2492 733
1066 2454 707
1067 2454 733
1068 2416 707
1069 2416 733
1070 2429 796
1071 2365 707
1072 2365 733
1073 2327 796
1074 2276 821
1075 2276 847
1076 2276 872
1077 2200 821
1078 2200 847
1079 2200 872
1080 2200 898
1081 2200 923
1082 2276 898
1083 2276 923
1084 2276 949
1085 2276 974
1086 2200 974
1087 2200 949
1088 2149 974
1089 2099 999
1090 2073 1050
1091 2048 1050
1092 2022 1050
1093 1946 1050
1094 1971 1050
1095 1997 1050
1096 2073 999
1097 2048 999
1098 2022 999
1099 1997 999
1100 1971 923
1101 1997 923
1102 2022 923
1103 2048 923
1104 2073 923
1105 2099 923
1106 2099 872
1107 2073 872
1108 2048 872
1109 2022 872
1110 1997 872
1111 1971 872
1112 1946 872
1113 1921 872
1114 1895 872
1115 1870 872
1116 1895 923
1117 1921 923
1118 1946 923
1119 1971 999
1120 1946 999
1121 1921 999
1122 1895 999
1123 1870 999
1124 1794 1050
1125 1819 1050
1126 1845 1050
1127 1870 1050
1128 1819 1126
1129 1794 1126
1130 1768 1050
1131 1743 1050
1132 1718 1050
1133 1667 1050
1134 1692 1050
1135 1768 1126
1136 1743 1126
1137 1718 1126
1138 1667 1177
1139 1692 1177
1140 1718 1177
1141 1743 1177
1142 1692 1126
1143 1667 1126
1144 1641 1126
1145 1565 1025
1146 1565 999
1147 1540 974
1148 1540 999
1149 1514 974
1150 1489 974
1151 1464 999
1152 1514 999
1153 1540 1025
1154 1565 1050
1155 1540 1050
1156 1565 1076
1157 1565 1101
1158 1565 1126
1159 1540 1126
1160 1565 1152
1161 1540 1152
1162 1540 1177
1163 1514 1177
1164 1514 1152
1165 1489 1152
1166 1464 1177
1167 1464 1152
1168 1489 1177
1169 1540 1279
1170 1514 1279
1171 1489 1279
1172 1464 1304
1173 1514 1304
1174 1540 1304
1175 1565 1304
1176 1540 1330
1177 1540 1355
1178 1565 1330
1179 1565 1355
1180 1540 1380
1181 1565 1380
1182 1565 1406
1183 1540 1431
1184 1540 1456
1185 1514 1456
1186 1464 1482
1187 1489 1482
1188 1514 1482
1189 1540 1482
1190 1565 1456
1191 1565 1431
1192 1641 1507
1193 1667 1507
1194 1667 1558
1195 1692 1558
1196 1718 1558
1197 1743 1558
1198 1641 1634
1199 1667 1634
1200 1692 1634
1201 1718 1634
1202 1743 1634
1203 1768 1634
1204 1794 1634
1205 1768 1685
1206 1743 1685
1207 1718 1685
1208 1692 1685
1209 1667 1685
1210 1743 1761
1211 1718 1761
1212 1692 1761
1213 1667 1761
1214 1641 1761
1215 1718 1812
1216 1743 1812
1217 1768 1761
1218 1794 1761
1219 1819 1761
1220 1921 1888
1221 1946 1888
1222 1971 1939
1223 1971 1888
1224 1997 1888
1225 2022 1888
1226 2048 1888
1227 2124 1939
1228 2073 1888
1229 2073 1812
1230 2048 1812
1231 2022 1812
1232 1997 1812
1233 1997 1761
1234 1946 1685
1235 1971 1685
1236 1997 1685
1237 2022 1685
1238 2048 1685
1239 2073 1685
1240 2099 1685
1241 2099 1761
1242 2073 1761
1243 2048 1761
1244 2022 1761
1245 1971 1812
1246 1946 1812
1247 1971 1761
1248 1946 1761
1249 1921 1761
1250 1819 1685
1251 1794 1685
1252 1819 1634
1253 1845 1634
1254 1870 1634
1255 1768 1558
1256 1794 1558
1257 1819 1558
1258 1845 1558
1259 1870 1558
1260 1921 1507
1261 1971 1507
1262 1946 1507
1263 1794 1431
1264 1768 1431
1265 1794 1507
1266 1768 1507
1267 1743 1507
1268 1718 1507
1269 1692 1507
1270 1743 1431
1271 1718 1431
1272 1692 1431
1273 1667 1431
1274 1641 1380
1275 1667 1380
1276 1692 1380
1277 1718 1380
1278 1743 1380
1279 1718 1304
1280 1743 1304
1281 1768 1304
1282 1794 1304
1283 1870 1380
1284 1845 1380
1285 1819 1380
1286 1794 1380
1287 1768 1380
1288 1692 1304
1289 1667 1304
1290 1641 1253
1291 1667 1253
1292 1692 1253
1293 1718 1253
1294 1743 1253
1295 1768 1253
1296 1794 1253
1297 1819 1253
1298 1845 1253
1299 1768 1177
1300 1794 1177
1301 1819 1177
1302 1845 1177
1303 1870 1177
1304 1845 1126
1305 1870 1126
1306 1921 1126
1307 1946 1126
1308 1971 1126
1309 1997 1126
1310 2022 1126
1311 2048 1126
1312 1946 1177
1313 1971 1177
1314 1997 1177
1315 2022 1177
1316 2048 1177
1317 2073 1177
1318 2073 1126
1319 2099 1126
1320 2124 1126
1321 2149 1126
1322 2099 1050
1323 2124 1050
1324 2149 1050
1325 2200 1050
1326 2200 1076
1327 2200 1101
1328 2200 1126
1329 2200 1152
1330 2200 1177
1331 2200 1203
1332 2200 1228
1333 2149 1253
1334 2099 1177
1335 2124 1177
1336 2149 1177
1337 2276 1076
1338 2276 1101
1339 2276 1126
1340 2276 1152
1341 2276 1177
1342 2276 1203
1343 2276 1228
1344 2200 1304
1345 2200 1330
1346 2200 1355
1347 2200 1380
1348 2200 1406
1349 2276 1330
1350 2276 1355
1351 2276 1380
1352 2276 1406
1353 2276 1431
1354 2276 1456
1355 2276 1482
1356 2200 1482
1357 2200 1456
1358 2200 1431
1359 2149 1380
1360 2124 1380
1361 2099 1380
1362 1946 1304
1363 1971 1304
1364 1997 1304
1365 2022 1304
1366 2048 1304
1367 2073 1304
1368 2099 1304
1369 2124 1304
1370 2149 1304
1371 2124 1253
1372 2099 1253
1373 2073 1253
1374 2048 1253
1375 2022 1253
1376 1997 1253
1377 1971 1253
1378 1946 1253
1379 1921 1253
1380 1870 1253
1381 1819 1304
1382 1845 1304
1383 1870 1304
1384 1921 1380
1385 1946 1380
1386 1971 1380
1387 1971 1431
1388 1946 1431
1389 1997 1380
1390 2022 1380
1391 2048 1380
1392 2073 1380
1393 2099 1431
1394 2073 1431
1395 2048 1431
1396 2022 1431
1397 1997 1431
1398 1997 1507
1399 2022 1507
1400 2048 1507
1401 2073 1507
1402 2099 1507
1403 2200 1685
1404 2226 1685
1405 2251 1685
1406 2276 1685
1407 2302 1685
1408 2327 1685
1409 2327 1761
1410 2302 1761
1411 2276 1761
1412 2251 1761
1413 2226 1761
1414 2200 1761
1415 2175 1761
1416 2200 1812
1417 2226 1812
1418 2251 1812
1419 2276 1812
1420 2302 1812
1421 2327 1812
1422 2327 1888
1423 2302 1888
1424 2251 1939
1425 2276 1939
1426 2302 1939
1427 2276 1888
1428 2251 1888
1429 2226 1888
1430 2200 1888
1431 2175 1888
1432 2149 1939
1433 2175 1939
1434 2200 1939
1435 2226 1939
1436 2302 2015
1437 2276 2015
1438 2251 2015
1439 2226 2015
1440 2200 2015
1441 2175 2015
1442 2149 2015
1443 2124 2015
1444 2099 2015
1445 2048 2066
1446 2022 2066
1447 1997 2066
1448 1997 2142
1449 2073 2219
1450 2099 2244
1451 2149 2219
1452 2268 2234
1453 2149 2244
1454 2124 2244
1455 2099 2219
1456 2048 2142
1457 2022 2142
1458 1971 2066
1459 1946 2066
1460 1921 2066
1461 1845 2015
1462 1895 2066
1463 1870 2142
1464 1895 2142
1465 1921 2142
1466 1946 2142
1467 1971 2142
1468 2048 2219
1469 2048 2244
1470 2022 2219
1471 1997 2219
1472 2022 2244
1473 1997 2244
1474 1971 2219
1475 1946 2219
1476 1971 2244
1477 1946 2244
1478 1921 2244
1479 1895 2219
1480 1895 2244
1481 1870 2219
1482 1845 2244
1483 1870 2244
1484 1845 2219
1485 1819 2219
1486 1794 2219
1487 1718 2244
1488 1718 2219
1489 1667 2219
1490 1667 2244
1491 1641 2219
1492 1540 2066
1493 1514 2015
1494 1489 2015
1495 1464 2066
1496 1489 2066
1497 1514 2066
1498 1489 2142
1499 1514 2142
1500 1540 2142
1501 1565 2219
1502 1565 2244
1503 1540 2244
1504 1514 2244
1505 1514 2219
1506 1489 2219
1507 1464 2219
1508 1464 2142
1509 1438 2142
1510 1413 2142
1511 1387 2142
1512 1362 2142
1513 1413 2219
1514 1438 2219
1515 1464 2244
1516 1438 2244
1517 1413 2244
1518 1387 2219
1519 1387 2244
1520 1362 2219
1521 1362 2244
1522 1336 2244
1523 1311 2244
1524 1260 2244
1525 1260 2219
1526 1286 2244
1527 1311 2219
1528 1260 2168
1529 1260 2142
1530 1235 2142
1531 1235 2168
1532 1210 2168
1533 1235 2219
1534 1210 2219
1535 1108 2244
1536 1108 2219
1537 1083 2244
1538 1133 2168
1539 1108 2168
1540 1083 2168
1541 1083 2142
1542 1108 2142
1543 1133 2142
1544 1159 2168
1545 1184 2168
1546 1210 2142
1547 1184 2142
1548 1159 2142
1549 1235 2066
1550 1260 2066
1551 1235 2041
1552 1210 2066
1553 1210 2041
1554 1184 2066
1555 1184 2041
1556 1184 2015
1557 1210 2015
1558 1235 2015
1559 1184 1939
1560 1210 1939
1561 1235 1939
1562 1362 2015
1563 1387 2066
1564 1413 2066
1565 1438 2066
1566 1464 2015
1567 1438 2015
1568 1413 2015
1569 1387 2015
1570 1387 1939
1571 1413 1939
1572 1438 1939
1573 1464 1939
1574 1489 1939
1575 1514 1939
1576 1591 2015
1577 1616 2015
1578 1641 2015
1579 1667 2015
1580 1692 2015
1581 1718 2015
1582 1743 2015
1583 1743 1939
1584 1718 1939
1585 1692 1939
1586 1667 1939
1587 1616 1888
1588 1591 1888
1589 1616 1939
1590 1641 1939
1591 1743 1888
1592 1718 1888
1593 1692 1888
1594 1667 1888
1595 1641 1888
1596 1692 1812
1597 1667 1812
1598 1641 1812
1599 1616 1812
1600 1514 1685
1601 1489 1685
1602 1464 1685
1603 1514 1761
1604 1489 1761
1605 1464 1761
1606 1438 1761
1607 1413 1761
1608 1387 1761
1609 1362 1761
1610 1387 1685
1611 1413 1685
1612 1438 1685
1613 1362 1584
1614 1387 1584
1615 1362 1558
1616 1387 1558
1617 1413 1584
1618 1438 1558
1619 1464 1558
1620 1489 1456
1621 1464 1456
1622 1438 1456
1623 1438 1482
1624 1413 1482
1625 1387 1482
1626 1362 1456
1627 1362 1431
1628 1387 1456
1629 1413 1456
1630 1387 1431
1631 1362 1406
1632 1362 1380
1633 1387 1406
1634 1387 1380
1635 1362 1355
1636 1362 1330
1637 1387 1355
1638 1387 1330
1639 1362 1304
1640 1387 1279
1641 1413 1304
1642 1438 1304
1643 1438 1279
1644 1413 1279
1645 1311 1177
1646 1311 1152
1647 1311 1126
1648 1387 1177
1649 1413 1177
1650 1438 1152
1651 1438 1177
1652 1413 1152
1653 1387 1152
1654 1362 1152
1655 1362 1126
1656 1362 1101
1657 1387 1126
1658 1387 1101
1659 1387 1076
1660 1362 1076
1661 1362 1050
1662 1387 1050
1663 1362 1025
1664 1387 1025
1665 1413 999
1666 1438 999
1667 1438 974
1668 1413 974
1669 1387 999
1670 1387 974
1671 1362 999
1672 1311 974
1673 1311 999
1674 1311 1050
1675 1311 1076
1676 1235 1126
1677 1184 1177
1678 1210 1177
1679 1235 1177
1680 1210 1126
1681 1184 1126
1682 1159 1126
1683 1133 1126
1684 1108 1126
1685 1083 1126
1686 1108 1177
1687 1133 1177
1688 1159 1177
1689 1083 1253
1690 1108 1253
1691 1133 1253
1692 1159 1253
1693 1184 1253
1694 1210 1253
1695 1235 1253
1696 1235 1304
1697 1210 1304
1698 1184 1304
1699 1159 1304
1700 1133 1304
1701 1108 1304
1702 1184 1431
1703 1210 1431
1704 1235 1431
1705 1235 1380
1706 1210 1380
1707 1184 1380
1708 1159 1380
1709 1133 1380
1710 1108 1380
1711 1083 1380
1712 1108 1431
1713 1133 1431
1714 1159 1431
1715 1083 1507
1716 1108 1507
1717 1133 1507
1718 1159 1507
1719 1184 1507
1720 1184 1558
1721 1210 1558
1722 1235 1558
1723 1235 1507
1724 1210 1507
1725 1159 1558
1726 1133 1558
1727 1108 1558
1728 1083 1634
1729 1108 1634
1730 1133 1634
1731 1159 1634
1732 1184 1634
1733 1210 1634
1734 1235 1634
1735 1235 1685
1736 1210 1685
1737 1184 1685
1738 1159 1685
1739 1133 1685
1740 1108 1685
1741 1184 1812
1742 1210 1812
1743 1235 1812
1744 1235 1761
1745 1210 1761
1746 1184 1761
1747 1159 1761
1748 1133 1761
1749 1108 1761
1750 1083 1761
1751 1108 1812
1752 1133 1812
1753 1159 1812
1754 1083 1888
1755 1108 1888
1756 1133 1888
1757 1159 1888
1758 1184 1888
1759 1235 1888
1760 1210 1888
1761 1159 1939
1762 1133 1939
1763 1108 1939
1764 1083 2015
1765 1108 2041
1766 1083 2041
1767 1108 2015
1768 1133 2015
1769 1159 2041
1770 1159 2015
1771 1133 2041
1772 1108 2066
1773 1133 2066
1774 1159 2066
1775 1057 2219
1776 1032 2219
1777 1057 2244
1778 1006 2219
1779 1006 2244
1780 981 2219
1781 981 2244
1782 956 2244
1783 930 2219
1784 930 2244
1785 956 2219
1786 1032 2142
1787 1006 2142
1788 981 2142
1789 1032 2066
1790 1006 2066
1791 981 2066
1792 956 2066
1793 1006 2015
1794 981 2015
1795 956 2015
1796 930 2015
1797 905 2015
1798 879 2015
1799 854 2015
1800 879 2066
1801 905 2066
1802 930 2066
1803 956 2142
1804 930 2142
1805 905 2142
1806 879 2142
1807 854 2142
1808 803 2168
1809 778 2168
1810 879 2193
1811 854 2193
1812 803 2244
1813 778 2244
1814 752 2244
1815 727 2244
1816 701 2244
1817 676 2244
