2152
1 719 733
2 719 707
3 758 707
4 758 733
5 808 796
6 808 821
7 808 923
8 808 898
9 808 872
10 808 847
11 859 796
12 859 821
13 859 847
14 859 872
15 859 898
16 859 923
17 859 949
18 859 974
19 859 999
20 859 1025
21 758 1101
22 732 1101
23 758 1076
24 732 1050
25 732 1076
26 758 1050
27 732 1025
28 758 1025
29 758 999
30 808 1025
31 808 999
32 808 974
33 808 949
34 758 949
35 758 974
36 732 999
37 732 974
38 732 949
39 681 949
40 681 974
41 681 999
42 681 1025
43 656 1025
44 656 999
45 758 898
46 758 923
47 732 872
48 732 847
49 758 821
50 758 847
51 758 872
52 732 898
53 732 923
54 605 796
55 605 821
56 605 847
57 605 872
58 605 898
59 605 923
60 605 949
61 605 974
62 631 999
63 605 999
64 631 1025
65 605 1025
66 631 1050
67 631 1076
68 656 1050
69 656 1076
70 631 1101
71 656 1101
72 681 1152
73 681 1177
74 681 1203
75 681 1228
76 681 1253
77 681 1279
78 681 1304
79 732 1253
80 732 1279
81 732 1228
82 732 1203
83 732 1177
84 732 1152
85 605 1152
86 605 1177
87 605 1203
88 605 1228
89 605 1253
90 605 1279
91 605 1304
92 605 1330
93 656 1355
94 681 1330
95 681 1355
96 732 1380
97 732 1355
98 732 1330
99 732 1304
100 808 1279
101 808 1253
102 808 1228
103 808 1203
104 808 1177
105 808 1152
106 859 1152
107 859 1126
108 859 1101
109 859 1177
110 859 1203
111 859 1228
112 859 1253
113 859 1279
114 808 1304
115 808 1330
116 808 1355
117 808 1380
118 783 1456
119 808 1456
120 834 1456
121 859 1456
122 859 1431
123 859 1380
124 859 1406
125 935 1380
126 935 1406
127 935 1431
128 935 1456
129 935 1482
130 935 1507
131 935 1533
132 859 1482
133 859 1507
134 859 1533
135 935 1584
136 961 1584
137 935 1609
138 961 1609
139 986 1584
140 986 1609
141 935 1685
142 961 1685
143 986 1685
144 1011 1685
145 986 1736
146 961 1736
147 935 1736
148 834 1685
149 808 1685
150 783 1685
151 758 1685
152 681 1609
153 707 1609
154 732 1609
155 758 1609
156 783 1609
157 834 1609
158 808 1609
159 707 1685
160 732 1685
161 681 1685
162 681 1736
163 707 1736
164 732 1736
165 758 1736
166 783 1736
167 808 1736
168 834 1736
169 834 1812
170 808 1812
171 783 1812
172 758 1812
173 732 1812
174 707 1812
175 681 1787
176 656 1787
177 681 1812
178 681 1838
179 656 1838
180 656 1863
181 681 1863
182 707 1838
183 707 1863
184 732 1863
185 758 1838
186 783 1838
187 834 1863
188 808 1863
189 783 1863
190 758 1863
191 707 1939
192 681 1939
193 656 1939
194 681 1965
195 707 1965
196 732 1939
197 732 1965
198 758 1939
199 758 1965
200 783 1939
201 783 1965
202 681 2041
203 681 2066
204 707 2066
205 707 2041
206 732 2041
207 758 2041
208 783 2041
209 808 2041
210 834 2041
211 885 2066
212 910 2066
213 808 1965
214 808 1939
215 834 1965
216 834 1939
217 935 1863
218 935 1812
219 935 1787
220 961 1863
221 986 1863
222 935 1939
223 961 1939
224 986 1939
225 1011 1939
226 1037 1939
227 1062 1939
228 1088 1939
229 1088 1863
230 1062 1863
231 1037 1863
232 1011 1863
233 961 1812
234 961 1787
235 986 1812
236 1011 1812
237 1037 1812
238 1062 1812
239 1088 1812
240 1088 1736
241 1062 1736
242 1037 1736
243 1011 1736
244 1037 1685
245 1062 1685
246 1088 1685
247 1011 1609
248 1011 1584
249 1037 1609
250 1037 1584
251 1062 1609
252 1088 1609
253 1062 1584
254 1113 1533
255 1062 1533
256 1113 1507
257 1113 1482
258 1113 1456
259 1113 1431
260 1113 1406
261 1113 1380
262 1113 1355
263 1062 1304
264 1062 1279
265 1037 1304
266 935 1279
267 935 1253
268 935 1228
269 935 1203
270 935 1177
271 935 1152
272 935 1126
273 935 1101
274 986 1101
275 986 1126
276 986 1152
277 986 1177
278 986 1203
279 986 1228
280 986 1253
281 986 1279
282 986 1355
283 986 1380
284 986 1406
285 986 1431
286 986 1456
287 986 1482
288 986 1507
289 986 1533
290 1062 1507
291 1062 1482
292 1062 1456
293 1062 1431
294 1062 1406
295 1062 1380
296 1062 1355
297 1113 1279
298 1113 1253
299 1113 1228
300 1062 1203
301 1062 1228
302 1062 1253
303 1113 1203
304 1113 1177
305 1113 1152
306 1113 1126
307 1062 1101
308 1062 1126
309 1062 1177
310 1062 1152
311 1113 1101
312 1113 999
313 1088 999
314 1113 974
315 1113 949
316 1113 923
317 1062 974
318 1062 949
319 986 821
320 986 847
321 986 872
322 986 898
323 986 923
324 986 949
325 986 974
326 1062 923
327 1062 898
328 1062 872
329 1062 847
330 1062 821
331 1113 821
332 1113 847
333 1113 872
334 1113 898
335 1189 821
336 1189 847
337 1189 872
338 1189 898
339 1189 923
340 1189 949
341 1189 974
342 1240 974
343 1240 949
344 1240 923
345 1240 898
346 1240 872
347 1240 821
348 1240 847
349 1316 974
350 1316 949
351 1316 923
352 1316 898
353 1316 872
354 1316 847
355 1316 821
356 1367 796
357 1354 733
358 1354 707
359 1393 707
360 1393 733
361 1443 796
362 1494 796
363 1431 733
364 1431 707
365 1469 707
366 1469 733
367 1507 707
368 1507 733
369 1545 707
370 1545 733
371 1583 707
372 1583 733
373 1570 796
374 1596 796
375 1672 796
376 1723 796
377 1634 707
378 1634 733
379 1672 707
380 1672 733
381 1710 707
382 1710 733
383 1748 707
384 1748 733
385 1799 796
386 1850 796
387 1786 733
388 1786 707
389 1824 707
390 1824 733
391 1862 707
392 1862 733
393 1913 707
394 1913 733
395 2129 796
396 2104 796
397 2078 796
398 2053 796
399 2028 796
400 2002 796
401 1977 796
402 1951 796
403 1926 796
404 1901 796
405 1951 733
406 1951 707
407 1989 707
408 1989 733
409 2028 707
410 2028 733
411 2066 707
412 2066 733
413 2104 733
414 2104 707
415 2142 707
416 2142 733
417 2180 707
418 2180 733
419 2231 707
420 2231 733
421 2256 733
422 2256 707
423 2307 707
424 2307 733
425 2409 796
426 2434 796
427 2409 872
428 2434 872
429 2409 898
430 2434 898
431 2459 872
432 2485 872
433 2459 796
434 2485 796
435 2510 796
436 2536 796
437 2561 796
438 2586 796
439 2612 796
440 2637 796
441 2637 707
442 2637 733
443 2688 796
444 2713 796
445 2790 796
446 2764 796
447 2739 796
448 2688 872
449 2637 872
450 2612 872
451 2586 872
452 2561 872
453 2536 872
454 2510 872
455 2612 974
456 2586 999
457 2561 999
458 2561 974
459 2586 974
460 2612 999
461 2637 999
462 2612 1025
463 2612 1050
464 2637 1076
465 2612 1076
466 2637 1050
467 2637 1025
468 2688 974
469 2688 999
470 2688 1025
471 2688 1050
472 2688 1076
473 2764 999
474 2764 1050
475 2790 1050
476 2815 1050
477 2764 1126
478 2790 1126
479 2916 1177
480 2891 1177
481 2866 1177
482 2840 1177
483 2815 1177
484 2790 1177
485 2764 1152
486 2764 1177
487 2790 1152
488 2815 1126
489 2840 1126
490 2866 1126
491 2891 1126
492 2916 1126
493 2993 1050
494 2967 1050
495 2916 1050
496 2891 1050
497 2866 1050
498 2840 1050
499 2916 999
500 2916 923
501 2764 923
502 2713 872
503 2739 872
504 2764 872
505 2790 872
506 2815 872
507 2840 872
508 2866 872
509 2891 872
510 2916 872
511 2967 821
512 2942 796
513 2942 821
514 2916 796
515 2891 796
516 2866 796
517 2840 796
518 2815 796
519 2891 733
520 2891 707
521 2967 796
522 2993 796
523 3018 796
524 3044 796
525 3069 796
526 3094 796
527 3120 796
528 3145 796
529 3069 872
530 3044 872
531 3018 872
532 2993 872
533 2993 898
534 2993 923
535 3018 898
536 3018 923
537 2993 949
538 3018 949
539 3069 949
540 3069 974
541 3094 974
542 3069 999
543 3094 999
544 3145 1050
545 3120 1050
546 3094 1050
547 3069 1050
548 3044 1050
549 3018 1050
550 2967 1126
551 2967 1152
552 2993 1126
553 3018 1126
554 3044 1126
555 3069 1126
556 3094 1126
557 3120 1177
558 3094 1177
559 3069 1177
560 3044 1177
561 3018 1177
562 2993 1152
563 2993 1177
564 3069 1253
565 3044 1253
566 3018 1253
567 2993 1253
568 2993 1304
569 3018 1304
570 3044 1304
571 3069 1304
572 3094 1253
573 3120 1253
574 3145 1253
575 3145 1304
576 3120 1304
577 3094 1304
578 3145 1431
579 3120 1431
580 3094 1431
581 3069 1431
582 3044 1431
583 3018 1431
584 2993 1431
585 2967 1431
586 2993 1380
587 3018 1380
588 3044 1380
589 3069 1380
590 3094 1380
591 3120 1380
592 3145 1380
593 3196 1380
594 3221 1355
595 3196 1355
596 3221 1380
597 3272 1431
598 3298 1431
599 3323 1431
600 3272 1380
601 3298 1304
602 3272 1304
603 3247 1253
604 3145 1177
605 3120 1126
606 3145 1126
607 3247 1152
608 3247 1177
609 3272 1152
610 3272 1177
611 3298 1177
612 3323 1177
613 3145 999
614 3171 999
615 3221 999
616 3247 999
617 3247 949
618 3221 949
619 3171 923
620 3145 923
621 3094 949
622 3094 923
623 3069 898
624 3069 923
625 3094 898
626 3094 872
627 3120 872
628 3145 872
629 3221 898
630 3196 796
631 3196 821
632 3221 796
633 3272 847
634 3272 821
635 3272 872
636 3298 872
637 3298 847
638 3298 821
639 3323 707
640 3348 707
641 3348 733
642 3323 733
643 3450 872
644 3450 898
645 3425 872
646 3374 872
647 3348 872
648 3374 898
649 3323 923
650 3298 923
651 3298 949
652 3323 949
653 3298 974
654 3323 974
655 3323 999
656 3298 999
657 3272 1050
658 3272 1101
659 3348 1177
660 3374 1177
661 3399 1177
662 3425 1177
663 3425 1253
664 3399 1253
665 3374 1253
666 3348 1253
667 3323 1253
668 3298 1253
669 3272 1253
670 3323 1304
671 3348 1304
672 3374 1304
673 3399 1304
674 3425 1304
675 3425 1380
676 3399 1380
677 3374 1380
678 3348 1380
679 3298 1380
680 3323 1380
681 3348 1406
682 3374 1406
683 3425 1431
684 3399 1431
685 3374 1431
686 3348 1431
687 3425 1507
688 3399 1507
689 3374 1507
690 3348 1507
691 3323 1558
692 3298 1558
693 3272 1533
694 3272 1558
695 3298 1533
696 3272 1507
697 3298 1507
698 3323 1507
699 3425 1558
700 3399 1558
701 3374 1558
702 3348 1558
703 3425 1634
704 3399 1634
705 3374 1634
706 3348 1634
707 3323 1634
708 3298 1634
709 3272 1634
710 3272 1685
711 3298 1685
712 3323 1685
713 3348 1685
714 3374 1685
715 3425 1685
716 3399 1685
717 3298 1787
718 3323 1812
719 3298 1812
720 3272 1812
721 3272 1787
722 3272 1761
723 3298 1761
724 3323 1761
725 3348 1761
726 3374 1761
727 3399 1761
728 3425 1761
729 3425 1812
730 3399 1812
731 3374 1812
732 3348 1812
733 3425 1888
734 3399 1888
735 3374 1888
736 3348 1888
737 3323 1939
738 3298 1939
739 3272 1939
740 3272 1888
741 3298 1888
742 3323 1888
743 3425 1939
744 3399 1939
745 3374 1939
746 3348 1939
747 3425 2015
748 3399 2015
749 3374 2015
750 3348 2015
751 3323 2015
752 3298 2041
753 3298 2015
754 3272 2041
755 3272 2015
756 3221 2066
757 3272 2066
758 3298 2066
759 3323 2066
760 3348 2066
761 3374 2066
762 3425 2066
763 3399 2066
764 3399 2142
765 3425 2142
766 3374 2142
767 3348 2142
768 3348 2168
769 3323 2142
770 3298 2142
771 3272 2168
772 3196 2244
773 3221 2244
774 3247 2244
775 3272 2244
776 3298 2244
777 3323 2244
778 3348 2244
779 3323 2168
780 3298 2168
781 3272 2142
782 3247 2168
783 3221 2168
784 3196 2168
785 3145 2193
786 3120 2193
787 3145 2142
788 3120 2142
789 3145 2066
790 3196 2066
791 3221 2041
792 3196 2041
793 3145 2015
794 3120 2015
795 3094 2015
796 3120 1939
797 3145 1939
798 3145 1888
799 3120 1888
800 3145 1761
801 3094 1761
802 3120 1761
803 3145 1685
804 3120 1685
805 3094 1634
806 3120 1634
807 3145 1634
808 3145 1507
809 3120 1507
810 3069 1507
811 3094 1507
812 3145 1558
813 3120 1558
814 3094 1558
815 3069 1558
816 3044 1558
817 2993 1507
818 3018 1507
819 3044 1507
820 3018 1558
821 2993 1533
822 2993 1558
823 3069 1634
824 3044 1634
825 3018 1634
826 2993 1634
827 2993 1685
828 3018 1685
829 3044 1685
830 3069 1685
831 3094 1685
832 3069 1761
833 3044 1761
834 3018 1761
835 2993 1761
836 2993 1787
837 3018 1787
838 2993 1812
839 3018 1812
840 3044 1812
841 3069 1812
842 3094 1812
843 3120 1812
844 3145 1812
845 3094 1888
846 3069 1888
847 3044 1888
848 2993 1888
849 3018 1888
850 3094 1939
851 3069 1939
852 3044 1939
853 3018 1939
854 2993 1939
855 3069 2015
856 3044 2015
857 3018 2015
858 3018 2041
859 2993 2015
860 2993 2041
861 2967 2066
862 2993 2066
863 3018 2066
864 3044 2066
865 3120 2066
866 3094 2066
867 3069 2066
868 2993 2142
869 2967 2168
870 2993 2168
871 3018 2142
872 3044 2142
873 3069 2142
874 3094 2142
875 3069 2219
876 3044 2219
877 3069 2244
878 3044 2244
879 3018 2244
880 2993 2244
881 3018 2219
882 2993 2219
883 2967 2244
884 2942 2219
885 2967 2219
886 2942 2244
887 2916 2219
888 2891 2244
889 2916 2244
890 2891 2219
891 2916 2168
892 2967 2142
893 2916 2142
894 2891 2142
895 2891 2168
896 2866 2168
897 2840 2168
898 2815 2168
899 2764 2219
900 2764 2244
901 2790 2219
902 2764 2168
903 2790 2168
904 2764 2142
905 2790 2142
906 2815 2142
907 2840 2142
908 2866 2142
909 2891 2041
910 2916 2066
911 2891 2066
912 2866 2066
913 2840 2066
914 2815 2066
915 2840 2041
916 2815 2041
917 2790 2066
918 2764 2066
919 2764 2041
920 2790 2041
921 2764 2015
922 2790 2015
923 2815 2015
924 2840 2015
925 2866 2041
926 2866 2015
927 2891 2015
928 2916 2041
929 2916 2015
930 2916 1939
931 2891 1939
932 2866 1939
933 2840 1939
934 2815 1939
935 2790 1939
936 2764 1939
937 2764 1888
938 2790 1888
939 2815 1888
940 2840 1888
941 2866 1888
942 2891 1888
943 2916 1888
944 2916 1812
945 2891 1812
946 2866 1787
947 2866 1812
948 2840 1812
949 2815 1812
950 2790 1812
951 2764 1787
952 2764 1812
953 2790 1787
954 2764 1761
955 2790 1761
956 2815 1761
957 2840 1761
958 2866 1761
959 2891 1761
960 2916 1761
961 2891 1787
962 2840 1685
963 2866 1685
964 2891 1685
965 2916 1685
966 2916 1634
967 2891 1634
968 2866 1634
969 2840 1634
970 2815 1634
971 2815 1685
972 2790 1685
973 2764 1685
974 2790 1634
975 2764 1634
976 2764 1558
977 2764 1533
978 2790 1558
979 2815 1558
980 2840 1558
981 2916 1558
982 2891 1558
983 2866 1558
984 2790 1533
985 2764 1507
986 2790 1507
987 2815 1507
988 2840 1507
989 2866 1507
990 2891 1507
991 2916 1507
992 2967 1533
993 2967 1507
994 2916 1431
995 2891 1431
996 2866 1431
997 2840 1431
998 2815 1431
999 2790 1431
1000 2764 1431
1001 2764 1380
1002 2790 1380
1003 2815 1380
1004 2840 1380
1005 2866 1380
1006 2891 1380
1007 2916 1380
1008 2916 1304
1009 2891 1304
1010 2866 1304
1011 2840 1304
1012 2891 1253
1013 2916 1253
1014 2866 1253
1015 2840 1253
1016 2815 1253
1017 2790 1253
1018 2764 1279
1019 2764 1253
1020 2790 1279
1021 2815 1304
1022 2790 1304
1023 2764 1304
1024 2637 1431
1025 2637 1456
1026 2612 1482
1027 2637 1558
1028 2612 1558
1029 2637 1584
1030 2612 1584
1031 2586 1584
1032 2586 1558
1033 2561 1558
1034 2510 1558
1035 2536 1558
1036 2536 1482
1037 2510 1482
1038 2510 1456
1039 2536 1456
1040 2561 1482
1041 2586 1482
1042 2561 1456
1043 2586 1456
1044 2612 1456
1045 2612 1431
1046 2612 1406
1047 2637 1380
1048 2637 1406
1049 2612 1380
1050 2637 1355
1051 2637 1330
1052 2612 1355
1053 2612 1330
1054 2637 1304
1055 2612 1304
1056 2586 1304
1057 2561 1304
1058 2561 1279
1059 2586 1279
1060 2612 1279
1061 2688 1177
1062 2688 1152
1063 2688 1126
1064 2688 1101
1065 2612 1177
1066 2586 1177
1067 2561 1152
1068 2561 1177
1069 2586 1152
1070 2612 1152
1071 2637 1152
1072 2637 1126
1073 2637 1101
1074 2612 1126
1075 2612 1101
1076 2510 999
1077 2536 999
1078 2536 974
1079 2510 974
1080 2485 999
1081 2485 974
1082 2459 974
1083 2434 999
1084 2459 999
1085 2459 1025
1086 2459 1050
1087 2434 1025
1088 2434 1050
1089 2434 1076
1090 2459 1076
1091 2434 1101
1092 2434 1126
1093 2459 1101
1094 2459 1126
1095 2434 1152
1096 2459 1152
1097 2459 1177
1098 2485 1177
1099 2485 1152
1100 2510 1152
1101 2536 1177
1102 2536 1152
1103 2510 1177
1104 2485 1279
1105 2510 1279
1106 2536 1279
1107 2536 1304
1108 2510 1304
1109 2485 1304
1110 2459 1279
1111 2434 1304
1112 2459 1304
1113 2459 1330
1114 2459 1355
1115 2434 1330
1116 2434 1355
1117 2459 1380
1118 2459 1406
1119 2434 1380
1120 2434 1406
1121 2459 1431
1122 2510 1380
1123 2536 1380
1124 2485 1456
1125 2459 1456
1126 2485 1482
1127 2459 1482
1128 2434 1456
1129 2434 1431
1130 2358 1507
1131 2332 1507
1132 2307 1507
1133 2256 1431
1134 2281 1431
1135 2307 1431
1136 2332 1406
1137 2358 1431
1138 2332 1431
1139 2205 1380
1140 2231 1380
1141 2256 1380
1142 2281 1380
1143 2307 1380
1144 2332 1380
1145 2358 1406
1146 2358 1380
1147 2358 1304
1148 2332 1304
1149 2307 1304
1150 2281 1304
1151 2256 1304
1152 2231 1304
1153 2205 1304
1154 2180 1253
1155 2205 1253
1156 2231 1253
1157 2256 1253
1158 2281 1253
1159 2307 1253
1160 2332 1253
1161 2358 1253
1162 2358 1177
1163 2332 1177
1164 2307 1177
1165 2281 1177
1166 2256 1177
1167 2281 1126
1168 2307 1126
1169 2332 1126
1170 2358 1126
1171 2358 1050
1172 2332 1025
1173 2358 1025
1174 2332 1050
1175 2307 1050
1176 2281 1050
1177 2256 1050
1178 2231 1050
1179 2205 1050
1180 2129 1126
1181 2155 1126
1182 2180 1126
1183 2205 1126
1184 2231 1126
1185 2256 1126
1186 2180 1050
1187 2129 999
1188 2104 999
1189 2155 1050
1190 2129 1050
1191 2078 999
1192 2053 999
1193 2028 999
1194 2078 1050
1195 2053 1050
1196 2028 1050
1197 1977 1126
1198 1951 1126
1199 1926 1126
1200 1901 1126
1201 1875 1126
1202 1850 1126
1203 1799 1101
1204 1799 1126
1205 1799 1152
1206 1799 1177
1207 1799 1203
1208 1799 1228
1209 1774 1253
1210 1799 1253
1211 1850 1304
1212 1875 1304
1213 1901 1304
1214 1850 1253
1215 1901 1177
1216 1875 1177
1217 1850 1177
1218 1723 1101
1219 1723 1126
1220 1723 1152
1221 1723 1177
1222 1723 1203
1223 1723 1228
1224 1799 1304
1225 1723 1304
1226 1723 1330
1227 1723 1355
1228 1799 1330
1229 1799 1355
1230 1799 1380
1231 1799 1406
1232 1799 1431
1233 1799 1456
1234 1799 1482
1235 1774 1507
1236 1799 1507
1237 1926 1431
1238 1951 1431
1239 1901 1431
1240 1875 1406
1241 1850 1406
1242 1850 1380
1243 1875 1380
1244 1901 1380
1245 1926 1380
1246 1951 1380
1247 1977 1380
1248 2002 1380
1249 2053 1304
1250 2028 1304
1251 2002 1304
1252 1977 1304
1253 1951 1304
1254 1926 1304
1255 1875 1253
1256 1901 1253
1257 1926 1279
1258 1926 1253
1259 1951 1253
1260 1951 1279
1261 1977 1253
1262 1926 1177
1263 1951 1177
1264 1977 1177
1265 2002 1177
1266 2028 1177
1267 2053 1177
1268 2002 1126
1269 2028 1126
1270 2053 1126
1271 2078 1126
1272 2129 1177
1273 2231 1177
1274 2205 1177
1275 2180 1177
1276 2155 1177
1277 2078 1177
1278 2002 1253
1279 2028 1253
1280 2053 1253
1281 2078 1253
1282 2129 1253
1283 2155 1253
1284 2180 1304
1285 2155 1304
1286 2129 1304
1287 2078 1304
1288 2028 1380
1289 2053 1380
1290 2078 1380
1291 2129 1380
1292 2129 1431
1293 2155 1431
1294 2155 1380
1295 2180 1380
1296 2205 1431
1297 2231 1431
1298 2078 1431
1299 2053 1431
1300 2028 1431
1301 2002 1431
1302 1977 1431
1303 1901 1507
1304 1926 1507
1305 1951 1507
1306 1977 1507
1307 2002 1507
1308 2028 1507
1309 2053 1507
1310 2078 1507
1311 2129 1558
1312 2180 1634
1313 2155 1634
1314 2129 1634
1315 2231 1558
1316 2205 1558
1317 2180 1558
1318 2155 1558
1319 2205 1507
1320 2231 1507
1321 2256 1507
1322 2281 1507
1323 2256 1558
1324 2281 1558
1325 2307 1558
1326 2332 1558
1327 2358 1533
1328 2383 1533
1329 2358 1558
1330 2358 1634
1331 2332 1634
1332 2307 1634
1333 2281 1634
1334 2256 1634
1335 2231 1634
1336 2205 1634
1337 2180 1685
1338 2205 1685
1339 2231 1685
1340 2256 1685
1341 2281 1685
1342 2307 1685
1343 2358 1685
1344 2332 1685
1345 2332 1761
1346 2307 1761
1347 2281 1761
1348 2256 1761
1349 2231 1761
1350 2180 1761
1351 2205 1761
1352 2256 1812
1353 2281 1812
1354 2307 1812
1355 2332 1812
1356 2358 1761
1357 2409 1812
1358 2383 1812
1359 2358 1812
1360 2256 1888
1361 2281 1888
1362 2307 1888
1363 2332 1888
1364 2358 1888
1365 2383 1888
1366 2409 1939
1367 2383 1939
1368 2358 1939
1369 2332 1939
1370 2307 1939
1371 2281 1939
1372 2256 1939
1373 2332 2015
1374 2307 2015
1375 2281 2015
1376 2256 2015
1377 2231 2041
1378 2231 2066
1379 2256 2041
1380 2256 2066
1381 2231 2142
1382 2256 2142
1383 2307 2066
1384 2332 2066
1385 2358 2015
1386 2383 2015
1387 2409 2015
1388 2459 2066
1389 2510 2066
1390 2485 2066
1391 2485 2041
1392 2485 2015
1393 2510 2015
1394 2561 1939
1395 2536 1939
1396 2510 1939
1397 2485 1939
1398 2409 1888
1399 2485 1838
1400 2485 1812
1401 2510 1812
1402 2536 1812
1403 2510 1787
1404 2485 1787
1405 2485 1761
1406 2510 1761
1407 2536 1761
1408 2485 1685
1409 2510 1685
1410 2536 1685
1411 2561 1685
1412 2586 1685
1413 2612 1685
1414 2637 1685
1415 2561 1761
1416 2586 1761
1417 2612 1761
1418 2637 1761
1419 2612 1812
1420 2612 1838
1421 2586 1812
1422 2586 1838
1423 2561 1838
1424 2561 1812
1425 2536 1838
1426 2510 1838
1427 2586 1939
1428 2637 1939
1429 2612 1939
1430 2536 2015
1431 2561 2015
1432 2586 2015
1433 2612 2015
1434 2637 2015
1435 2663 2041
1436 2637 2066
1437 2612 2066
1438 2586 2066
1439 2561 2066
1440 2536 2066
1441 2510 2041
1442 2409 2066
1443 2383 2066
1444 2307 2142
1445 2332 2142
1446 2383 2142
1447 2409 2142
1448 2459 2142
1449 2485 2142
1450 2510 2142
1451 2536 2142
1452 2561 2142
1453 2586 2142
1454 2612 2142
1455 2637 2142
1456 2688 2041
1457 2739 2041
1458 2739 2066
1459 2739 2142
1460 2739 2168
1461 2688 2219
1462 2713 2219
1463 2739 2244
1464 2739 2219
1465 2713 2244
1466 2688 2244
1467 2663 2219
1468 2663 2244
1469 2637 2219
1470 2637 2244
1471 2612 2219
1472 2612 2244
1473 2586 2219
1474 2586 2244
1475 2561 2219
1476 2561 2244
1477 2536 2219
1478 2510 2244
1479 2536 2244
1480 2510 2219
1481 2485 2219
1482 2485 2244
1483 2459 2244
1484 2434 2219
1485 2434 2244
1486 2358 2219
1487 2332 2219
1488 2332 2244
1489 2307 2244
1490 2281 2244
1491 2281 2219
1492 2205 2219
1493 2129 2142
1494 2104 2142
1495 2078 2142
1496 2078 2219
1497 2104 2219
1498 2129 2219
1499 2155 2244
1500 2180 2219
1501 2180 2244
1502 2155 2219
1503 2129 2244
1504 2104 2244
1505 2078 2244
1506 2053 2219
1507 2053 2244
1508 2028 2219
1509 2028 2244
1510 2002 2219
1511 2002 2244
1512 1977 2219
1513 1977 2244
1514 1951 2244
1515 1951 2219
1516 1926 2244
1517 1926 2219
1518 1901 2219
1519 1901 2244
1520 1875 2244
1521 1850 2244
1522 1850 2219
1523 1799 2168
1524 1824 2168
1525 1951 2066
1526 1951 2041
1527 1977 2041
1528 1977 2066
1529 2002 2066
1530 2028 2015
1531 2028 2066
1532 1951 2142
1533 1977 2142
1534 2002 2142
1535 2028 2142
1536 2053 2142
1537 2053 2066
1538 2078 2066
1539 2104 2066
1540 2129 2066
1541 2104 2041
1542 2129 2041
1543 2155 2015
1544 2155 1939
1545 2028 1939
1546 2078 1888
1547 2053 1888
1548 2028 1888
1549 2002 1888
1550 1901 2015
1551 1875 2015
1552 1850 2015
1553 1824 2015
1554 1799 2015
1555 1774 2015
1556 1748 2015
1557 1723 2015
1558 1697 2015
1559 1697 1939
1560 1723 1939
1561 1748 1939
1562 1774 1939
1563 1799 1939
1564 1723 1888
1565 1748 1888
1566 1774 1888
1567 1799 1888
1568 1824 1888
1569 1824 1939
1570 1850 1939
1571 1875 1939
1572 1901 1939
1573 1926 1888
1574 1951 1888
1575 1977 1888
1576 2053 1812
1577 2078 1812
1578 2078 1761
1579 2053 1761
1580 2028 1761
1581 2002 1761
1582 2028 1812
1583 2002 1812
1584 1977 1787
1585 1977 1812
1586 1951 1812
1587 1926 1812
1588 1951 1787
1589 1951 1761
1590 1977 1761
1591 2078 1685
1592 2053 1685
1593 2028 1685
1594 2002 1685
1595 1977 1685
1596 1951 1685
1597 1926 1685
1598 1901 1685
1599 1926 1761
1600 1901 1761
1601 1824 1812
1602 1824 1761
1603 1799 1761
1604 1824 1685
1605 1799 1685
1606 1774 1685
1607 1748 1685
1608 1723 1685
1609 1697 1685
1610 1672 1685
1611 1672 1761
1612 1697 1761
1613 1723 1761
1614 1748 1761
1615 1774 1761
1616 1799 1812
1617 1774 1812
1618 1748 1812
1619 1723 1812
1620 1672 1888
1621 1697 1888
1622 1697 1812
1623 1672 1787
1624 1697 1787
1625 1672 1812
1626 1570 1787
1627 1570 1812
1628 1545 1812
1629 1545 1787
1630 1520 1761
1631 1545 1761
1632 1570 1761
1633 1596 1761
1634 1596 1685
1635 1570 1685
1636 1545 1685
1637 1520 1685
1638 1494 1634
1639 1520 1634
1640 1545 1634
1641 1570 1634
1642 1596 1634
1643 1520 1558
1644 1545 1558
1645 1570 1558
1646 1596 1558
1647 1570 1507
1648 1596 1507
1649 1596 1482
1650 1570 1482
1651 1596 1456
1652 1596 1431
1653 1570 1456
1654 1570 1431
1655 1596 1406
1656 1570 1406
1657 1570 1380
1658 1570 1355
1659 1570 1330
1660 1596 1304
1661 1570 1304
1662 1596 1330
1663 1596 1355
1664 1596 1380
1665 1672 1482
1666 1723 1380
1667 1723 1406
1668 1723 1431
1669 1723 1456
1670 1723 1482
1671 1672 1456
1672 1672 1431
1673 1672 1406
1674 1672 1380
1675 1672 1355
1676 1672 1330
1677 1672 1304
1678 1596 1253
1679 1570 1253
1680 1596 1228
1681 1570 1228
1682 1570 1203
1683 1596 1203
1684 1570 1177
1685 1596 1177
1686 1570 1152
1687 1596 1152
1688 1570 1126
1689 1570 1101
1690 1596 1101
1691 1596 1126
1692 1672 1228
1693 1672 1203
1694 1672 1177
1695 1672 1152
1696 1672 1126
1697 1672 1101
1698 1672 1076
1699 1672 1050
1700 1723 1050
1701 1723 1076
1702 1799 1050
1703 1799 1076
1704 1850 1050
1705 1875 1050
1706 1901 1050
1707 1926 1050
1708 1951 1050
1709 2002 1050
1710 1977 1050
1711 1926 1025
1712 1901 1025
1713 1901 999
1714 1926 999
1715 1951 999
1716 1977 999
1717 2002 999
1718 2053 923
1719 2078 923
1720 2104 923
1721 2129 923
1722 2129 872
1723 2104 872
1724 2078 872
1725 2053 872
1726 2028 872
1727 2002 872
1728 1977 872
1729 2028 923
1730 2002 923
1731 1977 923
1732 1951 923
1733 1926 923
1734 1901 923
1735 1926 898
1736 1951 872
1737 1926 872
1738 1901 872
1739 1901 898
1740 1850 974
1741 1799 999
1742 1774 999
1743 1799 974
1744 1799 949
1745 1799 923
1746 1799 898
1747 1799 872
1748 1799 847
1749 1799 821
1750 1723 821
1751 1723 847
1752 1723 872
1753 1723 898
1754 1723 923
1755 1723 949
1756 1723 974
1757 1672 974
1758 1672 949
1759 1672 923
1760 1672 898
1761 1672 872
1762 1672 847
1763 1672 821
1764 1596 847
1765 1596 821
1766 1570 821
1767 1570 847
1768 1596 872
1769 1570 872
1770 1570 898
1771 1570 923
1772 1596 949
1773 1596 974
1774 1570 999
1775 1596 999
1776 1570 974
1777 1570 949
1778 1596 923
1779 1596 898
1780 1494 821
1781 1494 847
1782 1494 872
1783 1494 898
1784 1494 923
1785 1494 949
1786 1494 974
1787 1596 1050
1788 1570 1076
1789 1596 1076
1790 1570 1050
1791 1494 1050
1792 1494 1076
1793 1494 1101
1794 1494 1126
1795 1494 1152
1796 1494 1177
1797 1494 1203
1798 1494 1228
1799 1443 1228
1800 1443 1203
1801 1443 1177
1802 1443 1152
1803 1367 1101
1804 1367 1126
1805 1367 1152
1806 1367 1177
1807 1367 1203
1808 1367 1228
1809 1342 1253
1810 1367 1253
1811 1443 1304
1812 1443 1330
1813 1443 1355
1814 1443 1380
1815 1443 1406
1816 1443 1431
1817 1494 1304
1818 1494 1330
1819 1494 1355
1820 1494 1380
1821 1494 1406
1822 1494 1431
1823 1494 1456
1824 1494 1482
1825 1443 1482
1826 1443 1456
1827 1367 1304
1828 1367 1330
1829 1367 1355
1830 1367 1380
1831 1367 1406
1832 1367 1431
1833 1367 1456
1834 1367 1482
1835 1342 1507
1836 1367 1507
1837 1443 1558
1838 1469 1558
1839 1494 1558
1840 1469 1634
1841 1443 1634
1842 1494 1685
1843 1469 1685
1844 1443 1685
1845 1494 1761
1846 1469 1761
1847 1443 1761
1848 1443 1787
1849 1469 1787
1850 1672 1939
1851 1672 2015
1852 1469 2041
1853 1443 2041
1854 1393 1939
1855 1367 1939
1856 1342 1939
1857 1316 2041
1858 1342 2066
1859 1469 2142
1860 1469 2168
1861 1520 2219
1862 1494 2244
1863 1520 2244
1864 1545 2244
1865 1545 2219
1866 1570 2244
1867 1570 2219
1868 1596 2244
1869 1596 2219
1870 1621 2244
1871 1621 2219
1872 1646 2244
1873 1646 2219
1874 1672 2244
1875 1672 2219
1876 1672 2168
1877 1646 2142
1878 1672 2142
1879 1646 2168
1880 1621 2168
1881 1621 2142
1882 1596 2168
1883 1596 2142
1884 1570 2142
1885 1545 2142
1886 1570 2168
1887 1545 2168
1888 1520 2168
1889 1494 2142
1890 1520 2142
1891 1494 2168
1892 1494 2219
1893 1469 2244
1894 1443 2244
1895 1469 2219
1896 1443 2219
1897 1418 2244
1898 1393 2244
1899 1418 2219
1900 1393 2219
1901 1367 2244
1902 1342 2244
1903 1367 2219
1904 1342 2219
1905 1316 2244
1906 1291 2244
1907 1316 2219
1908 1316 2168
1909 1291 2168
1910 1240 2219
1911 1240 2244
1912 1266 2244
1913 1266 2219
1914 1291 2219
1915 1266 2193
1916 1266 2168
1917 1240 2168
1918 1240 2193
1919 1215 2219
1920 1215 2244
1921 1189 2219
1922 1189 2244
1923 1164 2244
1924 1139 2244
1925 1164 2219
1926 1139 2219
1927 1113 2244
1928 1088 2244
1929 1113 2219
1930 1088 2219
1931 1062 2244
1932 1062 2219
1933 1062 2193
1934 1088 2193
1935 1113 2193
1936 1037 2117
1937 1062 2117
1938 1037 2091
1939 1062 2091
1940 1139 2066
1941 1164 2066
1942 1164 2091
1943 1189 2091
1944 1164 2168
1945 1139 2193
1946 1164 2193
1947 1189 2168
1948 1189 2193
1949 1215 2193
1950 1215 2168
1951 1215 2091
1952 1215 2066
1953 1240 2066
1954 1240 2091
1955 1266 2066
1956 1266 2091
1957 1291 2066
1958 1291 2091
1959 1316 2091
1960 1316 2066
1961 1291 2041
1962 1266 2041
1963 1240 2041
1964 1215 2041
1965 1189 2066
1966 1164 2041
1967 1189 2041
1968 1291 1939
1969 1316 1939
1970 1316 1965
1971 1291 1965
1972 1266 1939
1973 1240 1939
1974 1266 1965
1975 1240 1965
1976 1215 1965
1977 1189 1965
1978 1164 1939
1979 1164 1965
1980 1189 1939
1981 1215 1939
1982 1240 1863
1983 1266 1863
1984 1291 1863
1985 1316 1863
1986 1342 1863
1987 1393 1863
1988 1367 1863
1989 1316 1812
1990 1291 1812
1991 1266 1812
1992 1240 1812
1993 1215 1812
1994 1215 1863
1995 1189 1863
1996 1164 1863
1997 1164 1812
1998 1164 1787
1999 1189 1787
2000 1189 1812
2001 1316 1736
2002 1291 1736
2003 1266 1736
2004 1240 1736
2005 1215 1736
2006 1189 1736
2007 1164 1736
2008 1164 1685
2009 1189 1685
2010 1215 1685
2011 1240 1685
2012 1266 1685
2013 1291 1685
2014 1316 1685
2015 1316 1609
2016 1291 1609
2017 1266 1609
2018 1240 1609
2019 1215 1609
2020 1189 1609
2021 1164 1609
2022 1189 1533
2023 1240 1507
2024 1266 1507
2025 1189 1507
2026 1189 1482
2027 1189 1456
2028 1189 1431
2029 1189 1406
2030 1189 1380
2031 1189 1355
2032 1240 1355
2033 1266 1355
2034 1291 1355
2035 1291 1304
2036 1266 1304
2037 1240 1304
2038 1189 1279
2039 1189 1253
2040 1266 1228
2041 1266 1203
2042 1291 1228
2043 1266 1253
2044 1291 1253
2045 1316 1253
2046 1316 1228
2047 1291 1203
2048 1291 1177
2049 1316 1203
2050 1316 1177
2051 1316 1152
2052 1291 1152
2053 1266 1126
2054 1266 1152
2055 1266 1177
2056 1189 1228
2057 1189 1203
2058 1189 1177
2059 1189 1152
2060 1189 1126
2061 1189 1101
2062 1240 1025
2063 1240 999
2064 1316 999
2065 1316 1025
2066 1266 1076
2067 1266 1101
2068 1291 1076
2069 1316 1076
2070 1291 1101
2071 1291 1126
2072 1316 1126
2073 1316 1101
2074 1367 1076
2075 1367 1050
2076 1443 1126
2077 1443 1101
2078 1443 1076
2079 1443 1050
2080 1367 999
2081 1342 999
2082 1367 974
2083 1367 949
2084 1367 923
2085 1367 847
2086 1367 872
2087 1367 898
2088 1443 974
2089 1443 949
2090 1443 923
2091 1443 898
2092 1443 872
2093 1443 847
2094 1443 821
2095 1367 821
2096 1316 796
2097 1316 733
2098 1316 707
2099 1266 707
2100 1266 733
2101 1240 796
2102 1189 796
2103 1227 733
2104 1227 707
2105 1189 707
2106 1189 733
2107 1151 707
2108 1151 733
2109 1113 707
2110 1113 733
2111 1075 707
2112 1075 733
2113 1113 796
2114 1062 796
2115 935 1025
2116 935 999
2117 935 974
2118 935 949
2119 935 923
2120 935 898
2121 935 872
2122 935 847
2123 935 821
2124 935 796
2125 986 796
2126 1037 733
2127 1037 707
2128 999 707
2129 999 733
2130 948 707
2131 948 733
2132 910 707
2133 910 733
2134 872 707
2135 872 733
2136 834 707
2137 834 733
2138 796 707
2139 796 733
2140 758 796
2141 732 796
2142 732 821
2143 681 847
2144 681 872
2145 681 923
2146 681 898
2147 681 821
2148 681 796
2149 631 733
2150 631 707
2151 681 707
2152 681 733
