574
1 629 680
2 756 772
3 781 772
4 807 772
5 1010 899
6 1035 874
7 1090 921
8 1090 971
9 1090 997
10 1112 1001
11 1239 1102
12 1366 1001
13 1467 975
14 1598 997
15 1700 1149
16 1700 1175
17 1636 1226
18 1598 1251
19 1543 1306
20 1531 1229
21 1645 1306
22 1649 1378
23 1624 1429
24 1624 1454
25 1598 1505
26 1543 1509
27 1518 1433
28 1370 1505
29 1340 1509
30 1391 1433
31 1416 1306
32 1455 1280
33 1408 1226
34 1370 1251
35 1344 1251
36 1217 1353
37 1166 1353
38 1154 1276
39 1090 1314
40 1065 1327
41 1039 1353
42 1035 1306
43 1023 1280
44 883 1102
45 858 1064
46 811 1048
47 705 1001
48 633 921
49 633 997
50 654 1026
51 658 1048
52 658 1073
53 654 1102
54 756 1153
55 760 1175
56 861 1302
57 760 1276
58 658 1353
59 709 1530
60 735 1581
61 620 1683
62 658 1734
63 658 1784
64 608 1797
65 654 1890
66 705 1915
67 756 1915
68 756 1890
69 781 1890
70 836 1886
71 781 1839
72 756 1788
73 781 1763
74 807 1763
75 781 1712
76 756 1661
77 807 1661
78 832 1585
79 896 1420
80 959 1344
81 963 1403
82 963 1454
83 1010 1483
84 1035 1483
85 1137 1534
86 1137 1483
87 1213 1458
88 1268 1505
89 1268 1556
90 1315 1585
91 1366 1585
92 1370 1632
93 1344 1632
94 1344 1683
95 1319 1784
96 1141 1937
97 1039 1911
98 1010 1903
99 1061 1839
100 1112 1864
101 1112 1814
102 1188 1788
103 1213 1788
104 1239 1763
105 1213 1712
106 1239 1712
107 1213 1661
108 1166 1632
109 1192 1581
110 1166 1568
111 1061 1661
112 1039 1632
113 963 1708
114 938 1759
115 874 1784
116 883 1814
117 908 1814
118 959 1788
119 985 1788
120 985 1763
121 1014 1759
122 1014 1784
123 989 1835
124 938 1962
125 887 1949
126 861 1937
127 709 2064
128 595 2165
129 491 2214
130 514 2297
131 870 2042
132 912 2013
133 912 2064
134 997 2182
135 1035 2118
136 1035 2093
137 1086 2080
138 1099 2055
139 1112 2030
140 1141 2089
141 1188 2144
142 1264 2118
143 1289 2144
144 1353 2106
145 1302 2004
146 1391 2080
147 1442 2042
148 1467 2042
149 1493 2042
150 1522 2026
151 1518 2118
152 1569 2042
153 1569 1890
154 1594 1814
155 1573 1784
156 1522 1835
157 1496 1886
158 1471 1886
159 1446 1886
160 1493 1814
161 1467 1788
162 1493 1788
163 1518 1788
164 1543 1737
165 1594 1610
166 1763 1784
167 1700 1784
168 1645 1941
169 1721 1991
170 1772 1966
171 1797 1966
172 1836 1966
173 1861 1890
174 1886 1890
175 1848 1814
176 1874 1814
177 1899 1814
178 1950 1788
179 1975 1788
180 1975 1839
181 2001 1839
182 2051 1839
183 2051 1788
184 2026 1737
185 2077 1712
186 2128 1687
187 2204 1737
188 2204 1788
189 2382 1636
190 2445 1585
191 2483 1585
192 2525 1581
193 2474 1556
194 2449 1556
195 2386 1530
196 2360 1530
197 2382 1471
198 2360 1403
199 2335 1403
200 2293 1356
201 2331 1331
202 2297 1276
203 2246 1276
204 2195 1353
205 2157 1403
206 2157 1429
207 2208 1480
208 2081 1606
209 2030 1657
210 1954 1734
211 1903 1708
212 1827 1632
213 1776 1734
214 1772 1712
215 1747 1636
216 1772 1534
217 1772 1509
218 1747 1433
219 1696 1382
220 1772 1306
221 1772 1255
222 1759 1229
223 1899 1280
224 1924 1280
225 1950 1280
226 1966 1327
227 1941 1340
228 1928 1403
229 1903 1403
230 1878 1403
231 1903 1480
232 1966 1606
233 1937 1610
234 1975 1534
235 2026 1483
236 2005 1454
237 2051 1458
238 2128 1509
239 2128 1458
240 2081 1403
241 2005 1353
242 2077 1280
243 2140 1280
244 2191 1229
245 2229 1229
246 2255 1229
247 2293 1229
248 2356 1280
249 2356 1331
250 2407 1369
251 2509 1382
252 2521 1356
253 2534 1382
254 2585 1331
255 2813 1483
256 2851 1458
257 2792 1530
258 2766 1530
259 2737 1572
260 2763 1585
261 2792 1581
262 2678 1695
263 2665 1759
264 2737 1826
265 2788 1788
266 2868 1861
267 2915 1864
268 2944 1886
269 2995 1975
270 2894 1975
271 2817 1975
272 2728 1937
273 2728 1886
274 2652 1873
275 2623 1877
276 2614 1835
277 2585 1814
278 2589 1784
279 2538 1810
280 2513 1784
281 2386 1861
282 2259 1962
283 2220 1937
284 2182 1924
285 2005 1937
286 1979 2038
287 1954 2038
288 1916 2076
289 1852 2140
290 1827 2165
291 1814 2229
292 1874 2156
293 1950 2093
294 2001 2093
295 2051 2118
296 2081 2115
297 2081 2191
298 2153 2195
299 2229 2258
300 2331 2144
301 2309 2140
302 2259 2140
303 2233 2140
304 2208 2140
305 2144 2089
306 2166 2080
307 2229 2042
308 2255 2042
309 2356 2068
310 2436 2140
311 2382 2144
312 2407 2068
313 2432 2055
314 2432 2030
315 2436 2026
316 2483 2042
317 2509 2042
318 2563 2102
319 2538 2165
320 2585 2106
321 2661 2068
322 2661 2042
323 2703 2076
324 2661 2144
325 2686 2144
326 2716 2140
327 2813 2245
328 2813 2118
329 2843 2115
330 2902 2195
331 3017 2195
332 2979 2106
333 3017 2042
334 3042 2042
335 3055 2106
336 3080 2106
337 3131 2118
338 3194 2042
339 3220 2042
340 3220 2068
341 3258 2093
342 3224 2115
343 3433 2345
344 3516 2322
345 3360 1991
346 3410 1979
347 3398 1915
348 3436 1852
349 3401 1835
350 3360 1788
351 3398 1788
352 3398 1712
353 3372 1598
354 3398 1598
355 3423 1585
356 3423 1483
357 3376 1403
358 3351 1454
359 3300 1530
360 3300 1581
361 3249 1632
362 3271 1661
363 3296 1661
364 3325 1708
365 3275 1734
366 3300 1784
367 3338 1835
368 3325 1861
369 3338 1911
370 3300 1988
371 3300 2038
372 3233 2017
373 3207 1953
374 3233 1941
375 3233 1877
376 3233 1801
377 3173 1810
378 3173 1886
379 3093 1966
380 3131 1915
381 3106 1864
382 3093 1788
383 3046 1721
384 3008 1734
385 3021 1784
386 2944 1759
387 2894 1784
388 2868 1784
389 2843 1784
390 2864 1737
391 2890 1610
392 2940 1560
393 2991 1534
394 3046 1480
395 2915 1407
396 2864 1344
397 2890 1344
398 2940 1306
399 2940 1268
400 3004 1229
401 3042 1204
402 3033 1276
403 3055 1356
404 3106 1356
405 3148 1454
406 3109 1581
407 3169 1598
408 3169 1560
409 3169 1534
410 3194 1509
411 3233 1509
412 3275 1403
413 3224 1378
414 3198 1378
415 3194 1356
416 3182 1331
417 3194 1268
418 3173 1251
419 3122 1226
420 3144 1204
421 3169 1179
422 3207 1166
423 3245 1153
424 3271 1153
425 3249 1226
426 3283 1280
427 3309 1217
428 3347 1204
429 3452 1111
430 3325 997
431 3300 997
432 3275 1022
433 3224 997
434 3245 950
435 3309 772
436 3347 772
437 3491 683
438 3536 683
439 3564 710
440 3463 683
441 3122 921
442 3021 971
443 3067 1001
444 3093 1001
445 3144 1001
446 3173 1048
447 3097 1022
448 3021 1073
449 2995 1149
450 2940 1090
451 2902 1026
452 2928 963
453 2966 874
454 2855 971
455 2868 997
456 2894 1099
457 2792 1149
458 2830 1213
459 2805 1213
460 2843 1276
461 2830 1327
462 2805 1327
463 2792 1276
464 2699 1293
465 2699 1217
466 2640 1175
467 2661 1090
468 2716 1073
469 2665 1048
470 2589 1099
471 2572 1026
472 2576 946
473 2551 1022
474 2500 1099
475 2538 1200
476 2513 1200
477 2382 1052
478 2394 1026
479 2394 1001
480 2420 975
481 2432 899
482 2496 836
483 2534 823
484 2559 823
485 2610 836
486 2737 823
487 2763 823
488 2788 823
489 2839 823
490 2884 676
491 2889 671
492 2886 674
493 2630 676
494 2632 674
495 2635 671
496 2659 606
497 2409 683
498 2293 680
499 2290 677
500 2223 680
501 2220 677
502 2172 680
503 2169 677
504 2093 677
505 2096 680
506 2318 874
507 2347 908
508 2284 870
509 2259 870
510 2246 895
511 2170 883
512 2233 921
513 2331 1026
514 2360 1022
515 2398 1073
516 2373 1099
517 2386 1124
518 2347 1149
519 2309 1149
520 2182 1073
521 2195 1149
522 2131 1149
523 2068 1149
524 2030 1149
525 1912 1153
526 1928 1022
527 1903 1022
528 1852 1073
529 1721 1001
530 1772 1001
531 1823 1014
532 1823 988
533 1861 950
534 1928 895
535 1865 921
536 1747 899
537 1747 874
538 1747 848
539 1747 823
540 1747 798
541 1700 794
542 1700 819
543 1649 794
544 1649 870
545 1624 895
546 1518 899
547 1531 874
548 1543 848
549 1522 819
550 1471 870
551 1420 857
552 1395 845
553 1395 895
554 1344 895
555 1217 908
556 1166 870
557 1141 857
558 1137 899
559 1217 819
560 1154 794
561 1065 768
562 1039 781
563 1014 794
564 826 680
565 823 677
566 750 680
567 747 677
568 667 680
569 664 677
570 652 606
571 491 755
572 491 710
573 519 683
574 626 677
