724
1 605 796
2 681 1025
3 605 1152
4 605 1253
5 656 1736
6 808 2041
7 726 1825
8 758 1863
9 783 1736
10 808 1736
11 758 1101
12 758 796
13 758 821
14 872 733
15 885 2066
16 872 1787
17 935 1965
18 910 707
19 935 1812
20 935 1761
21 935 1177
22 986 1380
23 1011 898
24 986 1203
25 986 1152
26 986 821
27 1011 796
28 986 923
29 1062 1126
30 1113 1431
31 1139 1482
32 1189 949
33 1189 1253
34 1240 1507
35 1291 1355
36 1266 1253
37 1189 1101
38 1189 1380
39 1113 1152
40 1113 821
41 1189 707
42 1151 733
43 1113 923
44 1113 1101
45 1113 1228
46 1113 949
47 1113 1406
48 1139 860
49 1189 733
50 1240 1711
51 1266 1736
52 1291 1863
53 1278 2047
54 1285 2053
55 1291 2041
56 1329 1958
57 1291 1965
58 1323 1952
59 1316 1787
60 1342 1863
61 1329 1945
62 1335 1952
63 1164 2244
64 1164 2091
65 1189 1584
66 1215 1711
67 1164 1634
68 1164 1787
69 1189 1863
70 1189 2244
71 1266 2168
72 1278 2060
73 1272 2053
74 1240 2041
75 1227 1958
76 1234 1952
77 1240 1965
78 1291 1609
79 1291 1076
80 1266 707
81 1189 847
82 1139 1533
83 1113 2028
84 1088 2244
85 1088 2079
86 999 2180
87 1011 1736
88 1062 1685
89 1037 1634
90 1113 1863
91 1062 771
92 1062 821
93 1024 1279
94 986 1507
95 1037 872
96 1037 1482
97 1011 1609
98 961 1711
99 999 733
100 1011 1901
101 1037 1914
102 1062 1736
103 1062 1609
104 1240 2244
105 1342 1939
106 1291 2168
107 1316 1584
108 1266 1685
109 1215 1787
110 1189 1965
111 1215 2041
112 1240 1863
113 1227 1945
114 1221 1952
115 1189 2091
116 1215 2168
117 1367 1634
118 1494 2244
119 1520 2028
120 1570 1812
121 1596 1812
122 1570 2244
123 1672 1939
124 1710 1996
125 1716 2003
126 1748 2015
127 1850 2142
128 1875 2244
129 1951 2091
130 1913 2079
131 1977 2244
132 1799 2168
133 1850 2219
134 1824 1634
135 1774 1736
136 1723 1761
137 1799 1507
138 1799 1456
139 1799 1228
140 1761 1228
141 1748 1431
142 1862 949
143 1786 707
144 1901 898
145 1926 872
146 1774 1939
147 1774 1812
148 1748 1634
149 1748 1888
150 1672 1761
151 1672 1812
152 1723 1406
153 1723 1330
154 1723 999
155 1710 733
156 1697 821
157 1723 1152
158 1672 1076
159 1646 1304
160 1723 1076
161 1748 898
162 1723 1203
163 1799 796
164 1748 733
165 1799 999
166 1824 987
167 1723 1990
168 1697 1939
169 1704 2003
170 1710 2009
171 1646 2244
172 1774 1965
173 1926 923
174 1913 707
175 2002 923
176 1951 707
177 1926 796
178 1989 707
179 1977 796
180 2028 796
181 2066 733
182 2104 796
183 2028 707
184 2002 872
185 2155 1253
186 2161 1266
187 2167 1272
188 2205 1558
189 2281 1761
190 2332 1558
191 2358 1126
192 2447 1584
193 2383 2142
194 2358 2066
195 2383 2015
196 2434 1406
197 2409 2015
198 2434 2053
199 2434 1355
200 2459 796
201 2459 1330
202 2421 974
203 2409 872
204 2459 974
205 2485 1279
206 2536 796
207 2523 1355
208 2523 1584
209 2561 1939
210 2561 2244
211 2510 2142
212 2713 2244
213 2713 2142
214 2701 2079
215 2688 1126
216 2663 1761
217 2663 1050
218 2637 1101
219 2612 1152
220 2637 1355
221 2561 1558
222 2586 1939
223 2612 1812
224 2586 1761
225 2561 1812
226 2561 1761
227 2612 999
228 2701 1291
229 2764 1126
230 2790 1152
231 2840 1126
232 2790 821
233 2739 821
234 2713 872
235 2612 796
236 2434 1304
237 2497 834
238 2536 872
239 2561 821
240 2612 834
241 2574 949
242 2561 796
243 2561 999
244 2586 1101
245 2510 1177
246 2536 1203
247 2472 1558
248 2561 2066
249 2637 2219
250 2586 2104
251 2561 2104
252 2637 2244
253 2637 2142
254 2536 1456
255 2497 1101
256 2447 1558
257 2383 1469
258 2281 1812
259 2231 2041
260 2434 2219
261 2440 2231
262 2459 2244
263 2453 2231
264 2447 2225
265 2358 1812
266 2383 1939
267 2307 2142
268 2256 2142
269 2332 1939
270 2370 1101
271 2231 2142
272 2167 2079
273 2129 2244
274 2129 2041
275 2180 2219
276 2078 2142
277 2078 2244
278 2078 2066
279 2028 2244
280 2053 2117
281 2028 2142
282 2053 2219
283 2002 2066
284 1977 2066
285 3018 2193
286 3044 2142
287 3044 2219
288 2967 2168
289 2980 2104
290 3069 2219
291 3069 2142
292 3132 2117
293 3209 1952
294 3196 2066
295 3120 2015
296 3171 1812
297 3107 1584
298 3094 1965
299 3069 2015
300 2993 1939
301 2993 2015
302 2967 2066
303 2993 898
304 3018 1050
305 3044 872
306 3069 949
307 3069 796
308 3069 898
309 3120 796
310 3171 923
311 3120 1050
312 3171 999
313 3145 1050
314 3120 1126
315 3145 872
316 3094 1304
317 2993 949
318 2967 796
319 2993 796
320 2840 872
321 2815 796
322 2802 1215
323 2828 1330
324 2790 1380
325 2802 1330
326 2891 1101
327 2866 1050
328 2853 974
329 2866 1253
330 2739 796
331 2764 1279
332 2840 1279
333 2916 1253
334 2904 1025
335 2916 1406
336 2891 1342
337 2866 1342
338 2815 1431
339 2853 1456
340 2840 1761
341 2790 1634
342 2840 1685
343 2726 1939
344 2790 1939
345 2790 2015
346 2739 1825
347 2764 1507
348 2790 1431
349 2790 1584
350 2764 1761
351 2815 1761
352 2739 1571
353 2840 2117
354 2866 2142
355 2967 1126
356 3018 1126
357 3044 1050
358 3069 1304
359 3005 1228
360 3044 1380
361 3120 1177
362 3145 1253
363 3171 1177
364 3120 1380
365 3298 2168
366 3488 1157
367 3505 1167
368 3508 1194
369 3488 1260
370 3505 1240
371 3498 1220
372 3508 1197
373 3498 1170
374 3495 1160
375 3488 1127
376 3498 1120
377 3488 1097
378 3488 1094
379 3508 1077
380 3498 1057
381 3498 1050
382 3508 1037
383 3488 1020
384 3508 1000
385 3425 999
386 3488 907
387 3488 927
388 3495 940
389 3495 920
390 3508 900
391 3498 894
392 3508 880
393 3488 860
394 3450 872
395 3348 771
396 3323 707
397 3272 847
398 3221 999
399 3323 974
400 3374 898
401 3298 847
402 3196 796
403 3196 1266
404 3221 2168
405 3272 1101
406 3272 1025
407 3298 923
408 3272 2041
409 3298 1990
410 3348 2066
411 3399 1812
412 3361 1787
413 3336 1914
414 3361 1990
415 3399 2066
416 3272 1761
417 3234 1799
418 3272 1507
419 3298 1558
420 3247 1634
421 3405 2211
422 3410 2216
423 3405 2231
424 3395 2231
425 3495 2167
426 3498 2157
427 3498 2150
428 3498 2140
429 3488 2120
430 3505 2100
431 3498 2080
432 3488 2057
433 3488 2054
434 3498 2037
435 3488 2040
436 3498 2020
437 3495 2000
438 3508 1997
439 3498 1977
440 3498 1970
441 3495 1960
442 3508 1957
443 3488 1927
444 3498 1920
445 3488 1897
446 3488 1894
447 3508 1877
448 3498 1857
449 3498 1850
450 3508 1837
451 3488 1820
452 3508 1800
453 3437 1850
454 3348 1406
455 3348 1507
456 3348 1456
457 3323 1761
458 3323 1863
459 3323 1634
460 3374 1685
461 3399 1914
462 3412 1977
463 3399 1685
464 3399 1558
465 3425 1584
466 3323 1558
467 3298 1507
468 3221 1380
469 3272 1406
470 3323 1380
471 3348 1177
472 3348 1253
473 3272 1177
474 3247 1228
475 3171 1253
476 3145 1456
477 3171 1533
478 3044 1761
479 3005 1736
480 3018 1558
481 2993 1787
482 2942 1761
483 2993 1304
484 3044 2066
485 3044 2015
486 3120 1685
487 3120 1761
488 3069 1507
489 3069 1380
490 3018 1634
491 2967 1533
492 2891 1507
493 2916 1863
494 2891 1888
495 2891 1685
496 2866 1787
497 2840 1507
498 2815 2015
499 2840 1787
500 2891 1977
501 2916 2041
502 2891 2142
503 2866 2168
504 2891 2066
505 2916 2219
506 2815 2244
507 2815 2066
508 2790 2142
509 2739 2168
510 2764 2066
511 2663 2244
512 2612 2066
513 2637 1406
514 2637 1584
515 2536 2015
516 2536 1812
517 2510 1838
518 2485 1787
519 2510 1685
520 2485 1838
521 2485 1939
522 2510 2219
523 2383 1888
524 2332 1888
525 2447 2238
526 2485 2015
527 2459 2066
528 2358 1279
529 2294 1355
530 2281 872
531 2307 1253
532 2320 1171
533 2326 1164
534 2320 872
535 2320 1158
536 2313 1164
537 2294 1228
538 2307 1050
539 2332 1177
540 2332 1304
541 2358 1330
542 2358 1634
543 2307 1634
544 2205 1761
545 2281 1558
546 2231 1228
547 2243 1279
548 2281 1634
549 2231 1177
550 2129 1507
551 2155 1304
552 2155 1177
553 2167 1260
554 2174 1266
555 2129 1685
556 2155 1634
557 2078 1609
558 2066 1152
559 2028 1253
560 2167 885
561 2193 1152
562 2180 1050
563 2205 1126
564 2205 1253
565 2231 923
566 2155 1406
567 2053 1838
568 2078 1761
569 2053 1507
570 2002 1355
571 2053 1431
572 2053 1685
573 2129 1380
574 2129 1456
575 2078 1279
576 2028 1736
577 2002 1838
578 1977 1838
579 1977 1787
580 1951 1812
581 2002 1685
582 1977 1431
583 1901 1406
584 1926 1812
585 2002 1939
586 1977 1533
587 2002 1507
588 1926 1304
589 1939 1609
590 1901 1253
591 2002 1050
592 2002 1253
593 2028 999
594 1951 1253
595 2002 1177
596 2104 999
597 2028 1152
598 2002 999
599 1913 1152
600 1977 999
601 1850 1177
602 1850 1812
603 1875 2015
604 1862 1888
605 1850 1076
606 1850 1304
607 1850 1406
608 1799 1330
609 1723 1101
610 1672 872
611 1634 733
612 1570 796
613 1583 733
614 1596 847
615 1596 1126
616 1596 1177
617 1596 923
618 1570 1076
619 1596 1355
620 1672 847
621 1621 1431
622 1570 999
623 1596 949
624 1570 1253
625 1532 1228
626 1443 1456
627 1494 1203
628 1545 847
629 1520 1431
630 1596 898
631 1672 707
632 1672 821
633 1570 1203
634 1570 1482
635 1596 1482
636 1672 1203
637 1596 1406
638 1646 1380
639 1545 1787
640 1520 1761
641 1545 1812
642 1494 1558
643 1545 1685
644 1545 1558
645 1469 1634
646 1469 1558
647 1443 1761
648 1494 1812
649 1520 2142
650 1545 2244
651 1494 1888
652 1443 1685
653 1443 1888
654 1469 974
655 1545 733
656 1494 847
657 1494 1126
658 1494 1177
659 1532 872
660 1545 1304
661 1494 1076
662 1494 949
663 1494 1304
664 1443 1330
665 1443 1050
666 1367 1304
667 1393 1431
668 1393 898
669 1367 1152
670 1342 999
671 1316 733
672 1291 1126
673 1443 796
674 1507 733
675 1443 847
676 1367 1482
677 1367 1203
678 1418 860
679 1367 1330
680 1367 923
681 1367 1101
682 1367 821
683 1469 707
684 1240 974
685 1189 821
686 1151 1279
687 1062 1507
688 1062 1279
689 1088 1317
690 1062 923
691 986 1456
692 961 1406
693 859 1279
694 859 1025
695 935 1584
696 897 1418
697 859 1152
698 808 1330
699 859 1533
700 834 1939
701 808 1863
702 758 1660
703 758 1279
704 758 1177
705 681 1787
706 681 1838
707 707 1939
708 732 1939
709 783 1888
710 758 1787
711 732 1584
712 681 1355
713 681 1279
714 656 1838
715 681 999
716 713 1825
717 719 1831
718 681 2041
719 758 1939
720 808 1965
721 808 1152
722 808 999
723 808 949
724 681 923
