1748
1 15440 11286
2 16688 8228
3 17936 6116
4 6320 12144
5 6400 9680
6 6480 6842
7 1232 10098
8 1376 5588
9 1520 4796
10 4272 12452
11 4400 10296
12 4528 7150
13 5088 10296
14 5648 8624
15 5968 6952
16 5648 12452
17 6288 5478
18 6288 7986
19 6320 9020
20 6352 11814
21 6736 9020
22 7120 6820
23 18224 4213
24 18642 4422
25 14128 7084
26 14704 9548
27 15280 11946
28 3504 11814
29 4656 9020
30 5808 6512
31 784 5390
32 880 6776
33 976 7150
34 1040 7524
35 1104 11066
36 9104 12078
37 10464 9548
38 11824 6776
39 10768 11770
40 11264 8932
41 11760 6468
42 10064 13046
43 10576 11484
44 11088 8052
45 9072 11550
46 10592 8492
47 12112 6248
48 8688 12782
49 10368 10956
50 12048 7480
51 8656 12672
52 10528 10736
53 12400 7370
54 8528 12298
55 10432 9988
56 12336 6996
57 8464 12408
58 8512 10208
59 8560 7414
60 7216 11770
61 7488 8932
62 7760 6776
63 12560 12056
64 13360 9768
65 14160 7194
66 13680 10912
67 16016 7480
68 18352 5742
69 17712 11528
70 17936 8448
71 18160 6226
72 12784 12166
73 13840 9988
74 14896 7304
75 13712 9482
76 4208 7634
77 6304 11264
78 8400 12936
79 10480 4862
80 11392 5104
81 12304 9724
82 12592 12166
83 12624 9988
84 12656 7304
85 14864 12276
86 14944 10208
87 15024 7414
88 4432 5808
89 6112 7612
90 7792 11110
91 16496 7678
92 17456 10736
93 18416 12672
94 1200 10318
95 1232 6028
96 1264 5016
97 16400 7568
98 17152 10516
99 17904 12562
100 3984 7524
101 6128 11044
102 8272 12826
103 16336 11946
104 16656 9548
105 16976 6776
106 1008 4906
107 1024 5808
108 1040 10208
109 5808 11968
110 5872 9328
111 5936 6666
112 4432 11550
113 4544 8492
114 4656 6248
115 16848 12914
116 17616 11484
117 18384 7744
118 8240 12034
119 8336 9460
120 8432 7040
121 1584 10582
122 1632 6556
123 1680 5280
124 2576 4906
125 2624 5808
126 2672 10208
127 16944 5852
128 16976 7700
129 17008 11022
130 880 9834
131 1136 5060
132 1392 4532
133 5520 13200
134 5600 11792
135 5680 7898
136 3888 6248
137 4016 8492
138 4144 11550
139 16592 12650
140 17344 10956
141 18096 7480
142 8016 12034
143 8080 9460
144 8144 7040
145 16784 9680
146 17296 5016
147 17808 4510
148 784 10846
149 944 7084
150 1104 5544
151 7728 12298
152 7824 9988
153 7920 7304
154 5232 13046
155 5376 11484
156 5520 7744
157 3856 9306
158 4720 11924
159 4848 9240
160 4976 6622
161 17616 11154
162 18144 7700
163 18672 5852
164 7376 12034
165 7440 9460
166 7504 7040
167 1808 12452
168 1888 10296
169 1968 7150
170 12528 6446
171 12688 8888
172 12848 11616
173 14608 8888
174 16368 6754
175 16368 9438
176 17088 9988
177 17808 12298
178 1680 10736
179 1744 6864
180 1808 5434
181 5936 12408
182 6048 10208
183 6160 7106
184 17680 12892
185 18096 11176
186 18512 7590
187 10320 5236
188 10960 5852
189 11600 10230
190 18800 5093
191 18930 6182
192 4848 14520
193 5536 14432
194 6224 11946
195 6304 9460
196 6224 14520
197 6384 6732
198 1936 10164
199 2016 5720
200 2096 4862
201 816 9944
202 1024 5280
203 1232 4642
204 18448 4389
205 18754 4774
206 6672 6886
207 6736 9768
208 6800 11154
209 9392 12540
210 6800 13750
211 6800 12694
212 11984 8272
213 12128 12540
214 12272 13442
215 10736 12408
216 11600 10208
217 12464 7106
218 8784 12034
219 8880 9460
220 8976 7040
221 3280 6028
222 5424 8052
223 7568 11330
224 10544 13156
225 10592 11704
226 10640 8162
227 7824 7458
228 7872 10296
229 7920 12452
230 10608 14168
231 11296 13728
232 11984 13288
233 12016 12848
234 11984 14036
235 12048 12166
236 12160 11484
237 12272 7744
238 9360 14520
239 10400 14432
240 11440 11022
241 12288 7612
242 11440 14520
243 13136 6116
244 5776 4202
245 5888 4400
246 6000 4202
247 6000 8052
248 8176 11704
249 10352 11440
250 10448 11176
251 10352 13156
252 10544 7898
253 11568 11660
254 11616 8712
255 11664 6358
256 656 9306
257 16304 11396
258 16976 8448
259 17648 6226
260 6608 12144
261 6624 9680
262 6640 6842
263 6032 4202
264 6048 4400
265 6064 4202
266 11632 6666
267 11920 9328
268 12208 11836
269 253 4422
270 304 4213
271 10864 10890
272 12272 7172
273 13680 5896
274 9520 13838
275 10880 13068
276 12240 12496
277 13024 11924
278 12240 13706
279 13808 8272
280 7536 12034
281 7744 9460
282 7952 7040
283 3120 6248
284 3200 8492
285 3280 11550
286 11376 9306
287 3152 11660
288 3200 8712
289 3248 6358
290 1392 10472
291 1472 6336
292 1552 5170
293 464 9108
294 576 14212
295 688 14410
296 7600 12144
297 7632 9680
298 7664 7150
299 5360 8052
300 5520 12100
301 5680 13354
302 10032 10560
303 10112 6512
304 10192 5566
305 3056 5522
306 4272 7040
307 5488 10824
308 9936 12892
309 10016 11176
310 10096 7898
311 560 4092
312 656 4180
313 752 4092
314 752 8096
315 2976 12012
316 5200 13310
317 4944 11660
318 5168 8712
319 5392 5698
320 5392 8052
321 5824 7392
322 6256 5698
323 6256 8800
324 6624 10208
325 6992 12320
326 6992 14520
327 7200 14432
328 7408 14520
329 9232 11330
330 9280 8052
331 9328 6336
332 4880 7370
333 5888 10736
334 6896 10252
335 6992 9768
336 6896 12672
337 7088 7194
338 3760 12672
339 3904 10736
340 4048 7370
341 8304 12144
342 8352 9680
343 8400 7150
344 9776 11440
345 11280 8272
346 12784 6446
347 7056 9614
348 14320 7194
349 14416 9768
350 14512 12056
351 14704 12276
352 14720 10208
353 14736 7414
354 2928 5918
355 3296 7832
356 3664 11220
357 4128 7832
358 4592 5918
359 13072 9482
360 10480 10560
361 11552 6512
362 12624 5566
363 6896 7040
364 7008 9460
365 7120 12034
366 3408 7150
367 3568 10296
368 3728 12452
369 7248 12188
370 7328 9768
371 7408 7194
372 3568 6886
373 3744 9768
374 3920 12188
375 2896 7040
376 3216 10076
377 3536 12342
378 4144 10076
379 4752 7040
380 12720 12166
381 12736 9988
382 12752 7304
383 2800 12034
384 2816 9460
385 2832 6732
386 8112 12144
387 8160 9680
388 8208 7150
389 1328 10362
390 1392 6116
391 1456 5060
392 12176 7524
393 12336 11044
394 12496 12694
395 9136 12188
396 10336 9768
397 11536 6886
398 11312 11880
399 11392 9152
400 11472 6578
401 9296 11110
402 10096 7612
403 10896 6116
404 5072 5918
405 5792 7832
406 6512 11220
407 9904 11220
408 10336 7832
409 10768 6226
410 5040 6248
411 5984 8492
412 6928 11550
413 11280 13200
414 11312 11792
415 11344 7898
416 5456 6996
417 6448 9988
418 7440 12298
419 12592 6248
420 12608 8492
421 12624 11418
422 12368 11836
423 14704 9328
424 17040 6666
425 11632 12056
426 11664 9768
427 11696 6886
428 14480 11726
429 14496 9108
430 14512 6864
431 17520 6380
432 17584 8756
433 17648 11682
434 592 4356
435 608 4708
436 624 9658
437 11408 7854
438 11904 11704
439 12400 13024
440 13296 11704
441 14192 8162
442 11600 4774
443 11840 5544
444 12080 9944
445 17552 6490
446 17664 8976
447 17776 11792
448 12464 12540
449 12480 10736
450 12496 7370
451 17744 11638
452 17808 8668
453 17872 6336
454 16624 11022
455 16640 7700
456 16656 6160
457 13232 11946
458 13344 9548
459 13456 7084
460 10192 12408
461 10272 10208
462 10352 7414
463 18736 4741
464 18898 5478
465 912 9658
466 992 4708
467 1072 4356
468 14320 12276
469 14384 10208
470 14448 7414
471 7696 12144
472 7712 9680
473 7728 7150
474 18640 4565
475 18850 5126
476 14768 12276
477 14784 10208
478 14800 7414
479 9872 6336
480 10000 8052
481 10128 11330
482 16496 12694
483 16512 11044
484 16528 7832
485 15376 11946
486 15392 9548
487 15408 7084
488 5712 4092
489 5776 4180
490 5840 4092
491 5968 4180
492 6096 4092
493 6096 8052
494 6384 11924
495 6672 13266
496 6688 11924
497 6704 7964
498 6784 11924
499 6864 13266
500 7152 12034
501 7200 9460
502 7248 7040
503 7312 14388
504 11632 14168
505 15952 14256
506 15664 11946
507 15904 9548
508 16144 7084
509 17584 11264
510 17824 7920
511 18064 5962
512 14608 7194
513 15520 9768
514 16432 12056
515 4560 4092
516 4672 4180
517 4784 4092
518 4784 8250
519 6464 12320
520 8144 13464
521 9616 12408
522 9648 10208
523 9680 7414
524 12112 12056
525 12176 9768
526 12240 6886
527 8368 12254
528 8416 9900
529 8464 7260
530 18896 5269
531 18978 6534
532 11952 11682
533 12080 9020
534 12208 6512
535 10320 10560
536 10368 6512
537 10416 5566
538 4336 4774
539 7808 5544
540 11280 4774
541 11280 8514
542 11552 11484
543 11824 12914
544 12656 12320
545 12848 10296
546 13040 7458
547 11888 6776
548 12528 9548
549 13168 11946
550 3344 12188
551 3440 9768
552 3536 6886
553 6128 4092
554 6352 4180
555 6576 4092
556 6576 6006
557 6656 7832
558 6736 11220
559 11792 11528
560 11872 8712
561 11952 6358
562 7216 6556
563 7968 8492
564 8720 11550
565 4816 6886
566 5440 9768
567 6064 12188
568 8944 12408
569 9200 10208
570 9456 7414
571 9968 12408
572 10016 10208
573 10064 7414
574 3632 6776
575 4800 9548
576 5968 12078
577 15536 12166
578 15568 9988
579 15600 7304
580 11728 12056
581 11824 9768
582 11920 6886
583 6448 11000
584 6688 7392
585 6928 6006
586 4304 11660
587 4512 8712
588 4720 6358
589 944 14520
590 1552 14432
591 2160 12518
592 2208 10604
593 2160 14520
594 2256 7304
595 7824 14278
596 11904 13948
597 15984 14146
598 5488 5368
599 8320 6732
600 11152 10670
601 13424 5038
602 13824 5456
603 14224 4708
604 14224 5126
605 14528 4796
606 14832 4708
607 14912 4796
608 14992 4708
609 15184 4796
610 15376 4708
611 15376 5500
612 15504 6204
613 15632 10274
614 15903 6204
615 16176 4708
616 16368 4796
617 16176 5478
618 16560 4708
619 16640 4796
620 16720 4708
621 16784 4796
622 16848 4708
623 12880 4928
624 12944 5236
625 13008 4928
626 13152 5236
627 13296 4928
628 13823 5236
629 14352 4818
630 14496 5016
631 14352 5104
632 14640 4818
633 14704 5016
634 14768 4818
635 14864 5016
636 14960 4818
637 15104 5016
638 15248 4818
639 15248 5764
640 15712 6512
641 16176 10428
642 16239 6512
643 16304 4818
644 16448 5016
645 16304 5742
646 16592 4818
647 4464 6886
648 4528 9768
649 4592 12188
650 11024 12936
651 14064 11264
652 17104 7634
653 2384 10054
654 2448 5500
655 2512 4752
656 1648 14190
657 2304 13772
658 2960 11616
659 3024 9460
660 2960 14190
661 3088 6732
662 1296 14300
663 1920 13992
664 2544 9746
665 2608 5500
666 2544 14300
667 2672 4752
668 9648 11220
669 9696 7832
670 9744 6226
671 9488 12408
672 9536 10208
673 9584 7414
674 8816 12144
675 8832 9680
676 8848 7150
677 5136 13574
678 5232 12540
679 5328 8272
680 3088 12562
681 3584 10516
682 4080 7260
683 3248 12034
684 3296 9460
685 3344 6732
686 10960 11880
687 10992 9152
688 11024 6886
689 2992 12144
690 3088 9680
691 3184 6842
692 10896 11264
693 11040 7920
694 11184 6270
695 10832 11880
696 10880 9152
697 10928 6886
698 2000 14410
699 2688 14212
700 3376 11462
701 3440 8712
702 3376 14410
703 3504 6358
704 2224 10054
705 2288 5500
706 2352 4752
707 6544 7744
708 7712 11484
709 8880 13046
710 13296 12276
711 13312 10208
712 13328 7414
713 17136 14256
714 17890 14168
715 4208 13156
716 4704 11704
717 5200 7854
718 11760 13816
719 14512 13288
720 17264 8646
721 17264 13596
722 17792 13948
723 18320 14278
724 15824 12320
725 16448 10296
726 17072 7150
727 9712 12408
728 9776 10208
729 9840 7414
730 17072 13024
731 17200 11704
732 17328 7854
733 16464 12056
734 17696 9768
735 18928 6886
736 2736 6138
737 5296 8272
738 7856 11440
739 13136 11132
740 13184 7920
741 13232 6270
742 16720 11022
743 16736 7700
744 16752 6160
745 15920 12166
746 15968 9988
747 16016 7304
748 15504 11946
749 15520 9548
750 15536 7084
751 205 13992
752 208 8998
753 368 13992
754 528 14300
755 16016 12430
756 16032 10516
757 16048 7568
758 16048 12584
759 16064 10824
760 16080 7722
761 14032 11946
762 14048 9548
763 14064 7084
764 13584 9482
765 14608 12276
766 14640 10208
767 14672 7414
768 13392 9482
769 16688 9790
770 17232 5236
771 17776 4620
772 16208 9482
773 5104 11924
774 5168 9240
775 5232 4224
776 5232 7018
777 6112 4796
778 5232 4642
779 6992 4708
780 4400 7260
781 9376 10516
782 14352 12430
783 5392 11924
784 5488 9240
785 5584 6622
786 5776 11660
787 5840 8712
788 5904 6358
789 944 5654
790 1216 7304
791 1488 10956
792 3664 5632
793 3840 7260
794 4016 10934
795 7984 11770
796 9360 8932
797 10736 6776
798 5616 7744
799 5888 11484
800 6160 13046
801 17232 4202
802 17600 4400
803 17968 9504
804 1616 4752
805 1872 5500
806 2128 10054
807 1872 5082
808 2176 6160
809 2480 10384
810 12304 4224
811 12304 4620
812 13104 4796
813 13904 4708
814 9968 5456
815 10768 6292
816 11568 5148
817 1200 4422
818 2080 4840
819 2960 4422
820 1904 6886
821 2368 9768
822 2832 12188
823 1424 4532
824 2400 5060
825 3376 4532
826 2160 7150
827 2672 10296
828 3184 12452
829 912 4202
830 1552 4400
831 2192 4202
832 2608 4400
833 3024 4202
834 269 4774
835 336 4213
836 336 4598
837 1488 4642
838 2639 5280
839 3792 4466
840 3792 5104
841 880 4092
842 1552 4180
843 2224 4092
844 2416 4180
845 2608 4092
846 3024 4180
847 3440 4092
848 18352 12518
849 18528 10428
850 18704 7216
851 1904 12342
852 1984 10076
853 2064 7040
854 18768 4917
855 18914 5830
856 18256 12408
857 18368 10208
858 18480 7106
859 1840 10274
860 1920 5940
861 2000 4972
862 18224 12298
863 18320 9988
864 18416 6996
865 1616 10208
866 1696 5808
867 1776 4906
868 17840 6446
869 17888 8888
870 17936 11748
871 17904 6336
872 17952 8668
873 18000 11638
874 12144 4994
875 13920 5984
876 15696 5302
877 17680 7106
878 17760 10208
879 17840 12408
880 1520 10318
881 1616 6028
882 1712 5016
883 11216 6578
884 11232 9152
885 11248 11880
886 8176 6006
887 9952 7392
888 11728 5698
889 18128 6996
890 18144 9988
891 18160 12298
892 12016 4884
893 13935 5764
894 15856 5016
895 15856 5588
896 8016 4972
897 9936 5324
898 11856 4664
899 6832 4510
900 6991 5016
901 7152 4708
902 7216 4796
903 7152 4884
904 7280 4708
905 7296 4796
906 7312 4708
907 7440 4796
908 7568 4708
909 8096 4796
910 8624 4708
911 8768 4796
912 8912 4708
913 9072 4796
914 9232 4708
915 9376 4796
916 9520 4708
917 10048 4796
918 10576 4708
919 10720 4796
920 10864 4708
921 18096 13156
922 18144 11704
923 18192 7854
924 6864 4620
925 7279 5236
926 7696 4818
927 8096 5016
928 7696 5104
929 8496 4818
930 8688 5016
931 8880 4818
932 8960 5016
933 9040 4818
934 9072 5016
935 9104 4818
936 9184 5016
937 9264 4818
938 9456 5016
939 9648 4818
940 10048 5016
941 10448 4818
942 10448 5544
943 10640 6072
944 10832 5346
945 10912 6072
946 10992 4708
947 10992 5434
948 11056 4796
949 11120 4708
950 4112 6886
951 4176 9768
952 4240 12188
953 3920 6358
954 4048 8712
955 4176 11660
956 4400 12716
957 4448 10824
958 4496 7414
959 3760 7150
960 3856 10296
961 3952 12452
962 18064 11638
963 18560 8668
964 19056 6336
965 9200 10186
966 9248 5764
967 9296 5192
968 3728 6402
969 3808 8800
970 3888 11704
971 4880 13046
972 5008 11484
973 5136 7744
974 8496 14058
975 10256 13508
976 12016 13926
977 16880 11022
978 16896 7700
979 16912 6160
980 15760 12166
981 15792 9988
982 15824 7304
983 3440 11550
984 3632 8492
985 3824 6248
986 16944 11176
987 17056 8008
988 17168 6006
989 17232 11506
990 17264 8668
991 17296 6336
992 2704 6622
993 3696 9240
994 4688 11924
995 17296 11660
996 17360 8976
997 17424 6490
998 6224 5588
999 8320 7172
1000 10416 10890
1001 5968 6622
1002 8208 9240
1003 10448 11924
1004 17424 12276
1005 17440 10208
1006 17456 7106
1007 6768 5918
1008 8160 7832
1009 9552 11220
1010 17328 13178
1011 17344 12012
1012 17360 8008
1013 6352 6358
1014 8768 8712
1015 11184 11660
1016 18960 4092
1017 18976 4180
1018 18992 4092
1019 4240 4312
1020 4303 4620
1021 4368 4136
1022 4368 4444
1023 4176 4202
1024 4240 4400
1025 4304 4202
1026 624 4202
1027 736 4400
1028 848 4202
1029 3952 4092
1030 3984 4180
1031 4016 4092
1032 4144 4180
1033 4272 4092
1034 6384 14520
1035 6576 14432
1036 6768 14520
1037 17200 4092
1038 17408 4180
1039 17616 4092
1040 1072 10208
1041 1184 5808
1042 1296 4906
1043 720 10230
1044 880 5500
1045 720 5676
1046 1040 4752
1047 1328 4906
1048 1376 5808
1049 1424 10208
1050 5040 14410
1051 5584 14212
1052 6128 14410
1053 6160 14212
1054 6192 14410
1055 6416 12034
1056 6608 9460
1057 6800 6732
1058 1584 5126
1059 1680 6248
1060 1776 10428
1061 18640 12298
1062 18832 9988
1063 19024 6996
1064 12432 4510
1065 13088 5016
1066 13744 4818
1067 1136 4312
1068 1840 4620
1069 2544 4312
1070 10128 5786
1071 10784 6952
1072 11440 5478
1073 15440 14388
1074 17936 3960
1075 6320 14652
1076 6480 3960
1077 1232 14652
1078 1520 3960
1079 4272 14652
1080 4528 3960
1081 5648 14652
1082 6288 3960
1083 6352 14652
1084 7120 4576
1085 18224 3960
1086 19066 4422
1087 14128 4576
1088 15280 14388
1089 3504 14652
1090 5808 3960
1091 784 3960
1092 1104 14652
1093 9104 14652
1094 11824 3960
1095 10768 14652
1096 11760 3960
1097 10064 14652
1098 11088 4576
1099 9072 14652
1100 12112 3960
1101 8688 14652
1102 12048 3960
1103 8656 14652
1104 12400 3960
1105 8528 14652
1106 12336 3960
1107 8464 14652
1108 8560 4576
1109 7216 14652
1110 7760 4576
1111 12560 14388
1112 14160 4576
1113 13680 14388
1114 18352 3960
1115 17712 14652
1116 18160 3960
1117 12784 14388
1118 14896 4576
1119 13712 4576
1120 13712 14388
1121 4208 3960
1122 8400 14652
1123 10480 4576
1124 12304 14388
1125 12592 14388
1126 12656 4576
1127 14864 14388
1128 15024 4576
1129 4432 3960
1130 7792 14652
1131 16496 4576
1132 18416 14652
1133 1200 14652
1134 1264 3960
1135 16400 4576
1136 17904 14652
1137 3984 3960
1138 8272 14652
1139 16336 14388
1140 16976 3960
1141 1008 3960
1142 1040 14652
1143 5808 14652
1144 5936 3960
1145 4432 14652
1146 4656 3960
1147 16848 14388
1148 18384 3960
1149 8240 14652
1150 8432 4576
1151 1584 14652
1152 1680 3960
1153 2576 3960
1154 2672 14652
1155 16944 3960
1156 17008 14388
1157 880 14652
1158 1392 3960
1159 5520 14652
1160 5680 3960
1161 3888 3960
1162 4144 14652
1163 16592 14388
1164 18096 3960
1165 8016 14652
1166 8144 4576
1167 16784 14388
1168 17808 3960
1169 784 14652
1170 1104 3960
1171 7728 14652
1172 7920 4576
1173 5232 14652
1174 5520 3960
1175 3856 3960
1176 3856 14652
1177 4720 14652
1178 4976 3960
1179 17616 14652
1180 18672 3960
1181 7376 14652
1182 7504 4576
1183 1808 14652
1184 1968 3960
1185 12528 3960
1186 12848 14388
1187 16368 4576
1188 17808 14652
1189 1680 14652
1190 1808 3960
1191 5936 14652
1192 6160 3960
1193 17680 14652
1194 18512 3960
1195 10320 4576
1196 11600 14652
1197 18800 3960
1198 19066 6182
1199 4848 14652
1200 6224 14652
1201 6384 3960
1202 1936 14652
1203 2096 3960
1204 816 14652
1205 1232 3960
1206 18448 3960
1207 19066 4774
1208 6672 3960
1209 6800 14652
1210 11984 3960
1211 12272 14388
1212 10736 14652
1213 12464 3960
1214 8784 14652
1215 8976 4576
1216 3280 3960
1217 7568 14652
1218 10544 14652
1219 10640 4576
1220 7824 4576
1221 7920 14652
1222 10608 14652
1223 11984 14388
1224 12272 3960
1225 9360 14652
1226 11440 14652
1227 13136 4576
1228 5776 3960
1229 6000 3960
1230 10352 14652
1231 10544 4576
1232 11568 14652
1233 11664 3960
1234 656 3960
1235 656 14652
1236 16304 14388
1237 17648 3960
1238 6608 14652
1239 6640 3960
1240 6032 3960
1241 6064 3960
1242 11632 3960
1243 12208 14388
1244 198 4422
1245 304 3960
1246 10864 14652
1247 13680 4576
1248 9520 14652
1249 12240 14388
1250 13808 4576
1251 7536 14652
1252 7952 4576
1253 3120 3960
1254 3280 14652
1255 11376 3960
1256 11376 14652
1257 3152 14652
1258 3248 3960
1259 1392 14652
1260 1552 3960
1261 464 3960
1262 688 14652
1263 7600 14652
1264 7664 4576
1265 5360 3960
1266 5680 14652
1267 10032 14652
1268 10192 4576
1269 3056 3960
1270 5488 14652
1271 9936 14652
1272 10096 4576
1273 560 3960
1274 752 3960
1275 5200 14652
1276 4944 14652
1277 5392 3960
1278 6256 3960
1279 6992 14652
1280 7408 14652
1281 9232 14652
1282 9328 4576
1283 4880 3960
1284 6896 14652
1285 7088 4576
1286 3760 14652
1287 4048 3960
1288 8304 14652
1289 8400 4576
1290 9776 14652
1291 12784 4576
1292 7056 4576
1293 7056 14652
1294 14320 4576
1295 14512 14388
1296 14704 14388
1297 14736 4576
1298 2928 3960
1299 3664 14652
1300 4592 3960
1301 13072 4576
1302 13072 14388
1303 10480 14652
1304 12624 4576
1305 6896 4576
1306 7120 14652
1307 3408 3960
1308 3728 14652
1309 7248 14652
1310 7408 4576
1311 3568 3960
1312 3920 14652
1313 2896 3960
1314 3536 14652
1315 4752 3960
1316 12720 14388
1317 12752 4576
1318 2800 14652
1319 2832 3960
1320 8112 14652
1321 8208 4576
1322 1328 14652
1323 1456 3960
1324 12176 3960
1325 12496 14388
1326 9136 14652
1327 11536 3960
1328 11312 14652
1329 11472 3960
1330 9296 14652
1331 10896 4576
1332 5072 3960
1333 6512 14652
1334 9904 14652
1335 10768 4576
1336 5040 3960
1337 6928 14652
1338 11280 14652
1339 11344 3960
1340 5456 3960
1341 7440 14652
1342 12592 3960
1343 12624 14388
1344 12368 14388
1345 17040 3960
1346 11632 14388
1347 11696 3960
1348 14480 14388
1349 14512 4576
1350 17520 3960
1351 17648 14652
1352 592 3960
1353 624 14652
1354 11408 3960
1355 12400 14388
1356 14192 4576
1357 11600 3960
1358 12080 14388
1359 17552 3960
1360 17776 14652
1361 12464 14388
1362 12496 3960
1363 17744 14652
1364 17872 3960
1365 16624 14388
1366 16656 4576
1367 13232 14388
1368 13456 4576
1369 10192 14652
1370 10352 4576
1371 18736 3960
1372 19066 5478
1373 912 14652
1374 1072 3960
1375 14320 14388
1376 14448 4576
1377 7696 14652
1378 7728 4576
1379 18640 3960
1380 19066 5126
1381 14768 14388
1382 14800 4576
1383 9872 4576
1384 10128 14652
1385 16496 14388
1386 16528 4576
1387 15376 14388
1388 15408 4576
1389 5712 3960
1390 5840 3960
1391 6096 3960
1392 6672 14652
1393 6704 3960
1394 6864 14652
1395 7152 14652
1396 7248 4576
1397 7312 14652
1398 15952 14388
1399 15664 14388
1400 16144 4576
1401 17584 14652
1402 18064 3960
1403 14608 4576
1404 16432 14388
1405 4560 3960
1406 4784 3960
1407 8144 14652
1408 9616 14652
1409 9680 4576
1410 12112 14388
1411 12240 3960
1412 8368 14652
1413 8464 4576
1414 18896 3960
1415 19066 6534
1416 11952 14388
1417 12208 3960
1418 10320 14652
1419 10416 4576
1420 4336 3960
1421 11280 3960
1422 11824 14388
1423 12656 14388
1424 13040 4576
1425 11888 3960
1426 13168 14388
1427 3344 14652
1428 3536 3960
1429 6128 3960
1430 6576 3960
1431 6736 14652
1432 11792 14388
1433 11952 3960
1434 7216 4576
1435 8720 14652
1436 4816 3960
1437 6064 14652
1438 8944 14652
1439 9456 4576
1440 9968 14652
1441 10064 4576
1442 3632 3960
1443 5968 14652
1444 15536 14388
1445 15600 4576
1446 11728 14388
1447 11920 3960
1448 6448 14652
1449 6928 4576
1450 4304 14652
1451 4720 3960
1452 944 14652
1453 2160 14652
1454 2256 3960
1455 7824 14652
1456 15984 14388
1457 5488 3960
1458 11152 14652
1459 13424 4576
1460 14224 4576
1461 14832 4576
1462 14992 4576
1463 15376 4576
1464 15632 14388
1465 16176 4576
1466 16560 4576
1467 16720 4576
1468 16848 4576
1469 12880 4576
1470 13008 4576
1471 13296 4576
1472 14352 4576
1473 14640 4576
1474 14768 4576
1475 14960 4576
1476 15248 4576
1477 16176 14388
1478 16304 4576
1479 16592 4576
1480 4464 3960
1481 4592 14652
1482 11024 14652
1483 17104 3960
1484 2384 14652
1485 2512 3960
1486 1648 14652
1487 2960 14652
1488 3088 3960
1489 1296 14652
1490 2544 14652
1491 2672 3960
1492 9648 14652
1493 9744 4576
1494 9488 14652
1495 9584 4576
1496 8816 14652
1497 8848 4576
1498 5136 14652
1499 5328 3960
1500 3088 14652
1501 4080 3960
1502 3248 14652
1503 3344 3960
1504 10960 14652
1505 11024 4576
1506 2992 14652
1507 3184 3960
1508 10896 14652
1509 11184 4576
1510 10832 14652
1511 10928 4576
1512 2000 14652
1513 3376 14652
1514 3504 3960
1515 2224 14652
1516 2352 3960
1517 6544 3960
1518 8880 14652
1519 13296 14388
1520 13328 4576
1521 17136 14388
1522 18650 14168
1523 4208 14652
1524 5200 3960
1525 11760 14388
1526 17264 3960
1527 18320 14652
1528 15824 14388
1529 17072 3960
1530 9712 14652
1531 9840 4576
1532 17072 14388
1533 17328 3960
1534 16464 14388
1535 18928 3960
1536 2736 3960
1537 7856 14652
1538 13136 14388
1539 13232 4576
1540 16720 14388
1541 16752 4576
1542 15920 14388
1543 16016 4576
1544 15504 14388
1545 15536 4576
1546 208 3960
1547 528 14652
1548 16016 14388
1549 16048 4576
1550 16048 14388
1551 16080 4576
1552 14032 14388
1553 14064 4576
1554 13584 4576
1555 13584 14388
1556 14608 14388
1557 14672 4576
1558 13392 4576
1559 13392 14388
1560 16688 14388
1561 17776 3960
1562 16208 4576
1563 16208 14388
1564 5104 14652
1565 5232 3960
1566 6992 4576
1567 4400 3960
1568 14352 14388
1569 5392 14652
1570 5584 3960
1571 5776 14652
1572 5904 3960
1573 944 3960
1574 1488 14652
1575 3664 3960
1576 4016 14652
1577 7984 14652
1578 10736 4576
1579 5616 3960
1580 6160 14652
1581 17232 3960
1582 17968 14652
1583 1616 3960
1584 2128 14652
1585 1872 3960
1586 2480 14652
1587 12304 3960
1588 13904 4576
1589 9968 4576
1590 11568 3960
1591 1200 3960
1592 2960 3960
1593 1904 3960
1594 2832 14652
1595 1424 3960
1596 3376 3960
1597 2160 3960
1598 3184 14652
1599 912 3960
1600 2192 3960
1601 3024 3960
1602 198 4774
1603 336 3960
1604 1488 3960
1605 3792 3960
1606 880 3960
1607 2224 3960
1608 2608 3960
1609 3440 3960
1610 18352 14652
1611 18704 3960
1612 1904 14652
1613 2064 3960
1614 18768 3960
1615 19066 5830
1616 18256 14652
1617 18480 3960
1618 1840 14652
1619 2000 3960
1620 18224 14652
1621 18416 3960
1622 1616 14652
1623 1776 3960
1624 17840 3960
1625 17936 14652
1626 17904 3960
1627 18000 14652
1628 12144 3960
1629 15696 4576
1630 17680 3960
1631 17840 14652
1632 1520 14652
1633 1712 3960
1634 11216 3960
1635 11248 14652
1636 8176 4576
1637 11728 3960
1638 18128 3960
1639 18160 14652
1640 12016 3960
1641 15856 4576
1642 8016 4576
1643 11856 3960
1644 6832 3960
1645 7152 4576
1646 7280 4576
1647 7312 4576
1648 7568 4576
1649 8624 4576
1650 8912 4576
1651 9232 4576
1652 9520 4576
1653 10576 4576
1654 10864 4576
1655 18096 14652
1656 18192 3960
1657 6864 3960
1658 7696 4576
1659 8496 4576
1660 8880 4576
1661 9040 4576
1662 9104 4576
1663 9264 4576
1664 9648 4576
1665 10448 4576
1666 10832 4576
1667 10992 4576
1668 11120 4576
1669 4112 3960
1670 4240 14652
1671 3920 3960
1672 4176 14652
1673 4400 14652
1674 4496 3960
1675 3760 3960
1676 3952 14652
1677 18064 14652
1678 19056 3960
1679 9200 14652
1680 9296 4576
1681 3728 3960
1682 3888 14652
1683 4880 14652
1684 5136 3960
1685 8496 14652
1686 12016 14388
1687 16880 14388
1688 16912 4576
1689 15760 14388
1690 15824 4576
1691 3440 14652
1692 3824 3960
1693 16944 14388
1694 17168 3960
1695 17232 14388
1696 17296 3960
1697 2704 3960
1698 4688 14652
1699 17296 14388
1700 17424 3960
1701 6224 3960
1702 10416 14652
1703 5968 3960
1704 10448 14652
1705 17424 14388
1706 17456 3960
1707 6768 3960
1708 9552 14652
1709 17328 14388
1710 17360 3960
1711 6352 3960
1712 11184 14652
1713 18960 3960
1714 18992 3960
1715 4240 3960
1716 4368 3960
1717 4176 3960
1718 4304 3960
1719 624 3960
1720 848 3960
1721 3952 3960
1722 4016 3960
1723 4272 3960
1724 6384 14652
1725 6768 14652
1726 17200 3960
1727 17616 3960
1728 1072 14652
1729 1296 3960
1730 720 14652
1731 1040 3960
1732 1328 3960
1733 1424 14652
1734 5040 14652
1735 6128 14652
1736 6192 14652
1737 6416 14652
1738 6800 3960
1739 1584 3960
1740 1776 14652
1741 18640 14652
1742 19024 3960
1743 12432 3960
1744 13744 4576
1745 1136 3960
1746 2544 3960
1747 10128 4576
1748 11440 3960
